desc: I1 cache:         32768 B, 64 B, 8-way associative
desc: D1 cache:         32768 B, 64 B, 8-way associative
desc: LL cache:         2097152 B, 64 B, 8-way associative
cmd: /home/kotomysha/binson/binson-c/examples/bin/Debug/writer_standalone 
events: Ir I1mr ILmr Dr D1mr DLmr Dw D1mw DLmw 
fl=/build/buildd/eglibc-2.19/csu/../csu/init-first.c
fn=_init
52 8 1 1 0 0 0 4 0 0
58 4 1 1 1 1 0 1 1 1
65 5 1 1 4 0 0 0 0 0
70 1 0 0 0 0 0 1 1 1
71 1 0 0 0 0 0 1 0 0
72 2 0 0 1 1 0 1 1 1
86 4 0 0 0 0 0 1 0 0
94 1 0 0 0 0 0 1 0 0
99 6 0 0 5 0 0 0 0 0
fl=/build/buildd/eglibc-2.19/csu/../sysdeps/generic/dl-hash.h
fn=_init
43 1 0 0 0 0 0 0 0 0
44 1 0 0 0 0 0 0 0 0
45 13 0 0 4 0 0 0 0 0
48 12 0 0 0 0 0 0 0 0
49 8 0 0 0 0 0 0 0 0
62 8 0 0 0 0 0 0 0 0
67 1 1 1 0 0 0 0 0 0
fl=/build/buildd/eglibc-2.19/csu/../sysdeps/unix/sysv/linux/x86_64/init-first.c
fn=_init
38 7 1 1 0 0 0 4 0 0
40 4 0 0 0 0 0 1 0 0
41 2 0 0 0 0 0 0 0 0
42 2 1 1 0 0 0 0 0 0
43 2 1 1 1 0 0 0 0 0
44 1 0 0 0 0 0 1 1 0
46 3 0 0 0 0 0 1 0 0
50 3 0 0 0 0 0 0 0 0
51 2 0 0 1 0 0 0 0 0
52 1 0 0 0 0 0 1 0 0
fl=/build/buildd/eglibc-2.19/csu/../sysdeps/x86_64/multiarch/init-arch.c
fn=__init_cpu_features
31 7 1 1 0 0 0 4 0 0
37 3 0 0 0 0 0 0 0 0
38 3 0 0 0 0 0 0 0 0
39 2 0 0 0 0 0 0 0 0
45 1 0 0 0 0 0 1 0 0
54 3 1 1 0 0 0 1 0 0
57 6 0 0 0 0 0 0 0 0
59 2 0 0 0 0 0 0 0 0
65 3 0 0 0 0 0 0 0 0
66 2 1 1 0 0 0 0 0 0
71 2 0 0 0 0 0 0 0 0
74 8 1 1 0 0 0 0 0 0
123 1 1 1 1 1 1 0 0 0
127 1 1 1 0 0 0 0 0 0
152 2 1 1 1 0 0 0 0 0
153 7 0 0 0 0 0 4 0 0
160 3 0 0 1 0 0 0 0 0
184 6 2 2 0 0 0 0 0 0
185 5 0 0 0 0 0 0 0 0
186 2 0 0 0 0 0 0 0 0
189 1 0 0 0 0 0 1 0 0
190 1 0 0 0 0 0 1 0 0
192 1 0 0 0 0 0 1 0 0
193 2 0 0 2 0 0 0 0 0
fl=/build/buildd/eglibc-2.19/csu/errno-loc.c
fn=__errno_location
26 2 1 1 2 0 0 0 0 0
27 1 0 0 1 0 0 0 0 0
fl=/build/buildd/eglibc-2.19/csu/libc-start.c
fn=(below main)
133 10 1 1 0 0 0 8 0 0
137 7 2 2 1 0 0 1 0 0
219 2 0 0 0 0 0 0 0 0
220 4 0 0 0 0 0 1 0 0
242 6 0 0 2 0 0 0 0 0
245 2 0 0 0 0 0 0 0 0
246 5 1 1 4 0 0 1 0 0
250 4 0 0 2 0 0 0 0 0
265 2 0 0 0 0 0 0 0 0
274 2 0 0 0 0 0 1 0 0
275 2 1 1 0 0 0 0 0 0
280 2 0 0 1 1 0 1 0 0
281 2 0 0 1 1 0 1 0 0
284 2 0 0 0 0 0 1 0 0
287 6 0 0 5 0 0 1 0 0
321 2 1 0 0 0 0 1 0 0
fl=/build/buildd/eglibc-2.19/ctype/ctype-info.c
fn=__ctype_init
31 7 1 1 5 3 0 1 0 0
33 4 0 0 2 1 0 1 0 0
35 5 1 1 3 0 0 1 0 0
fl=/build/buildd/eglibc-2.19/elf/../elf/dl-runtime.c
fn=_dl_fixup
66 210 1 1 0 0 0 126 0 0
68 42 0 0 42 0 0 0 0 0
69 84 0 0 84 2 0 0 0 0
72 210 1 1 84 10 0 0 0 0
73 294 0 0 84 26 0 42 0 0
74 126 0 0 84 6 0 0 0 0
79 84 0 0 0 0 0 0 0 0
83 84 1 1 42 29 19 0 0 0
85 2 1 1 0 0 0 0 0 0
87 126 0 0 42 5 0 0 0 0
91 82 0 0 82 8 0 0 0 0
92 164 0 0 41 1 0 0 0 0
94 164 0 0 41 4 0 0 0 0
100 42 0 0 0 0 0 0 0 0
101 126 1 1 42 0 0 0 0 0
108 84 0 0 42 2 0 42 0 0
111 420 1 1 84 5 0 126 0 0
115 126 0 0 42 0 0 0 0 0
119 168 0 0 42 0 0 42 0 0
125 252 1 1 84 0 0 0 0 0
133 42 0 0 42 0 0 0 0 0
141 168 0 0 42 0 0 0 0 0
145 126 0 0 42 1 0 0 0 0
149 210 0 0 168 0 0 0 0 0
fl=/build/buildd/eglibc-2.19/elf/../elf/dl-sysdep.c
fn=_dl_sysdep_start
86 8 1 1 0 0 0 7 1 1
87 2 0 0 0 0 0 0 0 0
88 1 0 0 0 0 0 0 0 0
110 1 0 0 0 0 0 1 0 0
111 183 1 1 59 7 7 4 3 3
114 2 0 0 0 0 0 1 0 0
115 1 0 0 0 0 0 1 1 1
117 90 4 4 23 5 5 10 0 0
118 111 0 0 21 3 3 0 0 0
121 1 0 0 1 0 0 0 0 0
122 1 0 0 0 0 0 0 0 0
124 1 0 0 1 0 0 0 0 0
125 1 0 0 0 0 0 0 0 0
127 1 1 1 1 0 0 0 0 0
128 1 0 0 0 0 0 0 0 0
130 1 0 0 1 0 0 0 0 0
131 1 0 0 0 0 0 0 0 0
151 1 1 1 1 0 0 0 0 0
152 1 0 0 0 0 0 0 0 0
154 1 0 0 1 0 0 0 0 0
155 1 0 0 0 0 0 0 0 0
157 1 1 1 1 0 0 0 0 0
158 1 0 0 0 0 0 0 0 0
163 1 0 0 1 0 0 0 0 0
164 1 0 0 0 0 0 0 0 0
179 1 0 0 1 0 0 0 0 0
180 1 0 0 0 0 0 0 0 0
232 3 1 1 0 0 0 2 0 0
234 5 0 0 0 0 0 1 0 0
246 3 1 1 1 0 0 0 0 0
249 6 0 0 2 0 0 1 0 0
250 1 0 0 1 0 0 0 0 0
251 8 0 0 7 1 0 0 0 0
fn=_dl_sysdep_start_cleanup
256 1 1 1 1 0 0 0 0 0
fl=/build/buildd/eglibc-2.19/elf/../misc/sbrk.c
fn=sbrk
34 4 1 1 0 0 0 2 1 1
42 6 0 0 2 0 0 0 0 0
46 2 1 1 0 0 0 0 0 0
57 5 0 0 3 0 0 0 0 0
fl=/build/buildd/eglibc-2.19/elf/../sysdeps/unix/sysv/linux/dl-osinfo.h
fn=security_init
61 2 0 0 0 0 0 0 0 0
84 2 1 1 1 1 0 1 0 0
86 1 1 1 1 0 0 0 0 0
93 1 0 0 1 0 0 0 0 0
101 2 0 0 0 0 0 0 0 0
112 1 0 0 1 0 0 0 0 0
fl=/build/buildd/eglibc-2.19/elf/../sysdeps/unix/sysv/linux/dl-sysdep.c
fn=_dl_discover_osversion
45 7 1 1 0 0 0 6 0 0
47 3 0 0 1 0 0 0 0 0
87 5 1 1 0 0 0 1 1 1
102 1 0 0 0 0 0 0 0 0
106 1 0 0 0 0 0 0 0 0
107 1 0 0 0 0 0 0 0 0
109 12 1 1 3 1 1 0 0 0
111 6 0 0 0 0 0 0 0 0
113 17 0 0 4 1 1 0 0 0
115 1 0 0 0 0 0 0 0 0
116 2 0 0 0 0 0 0 0 0
119 3 0 0 0 0 0 0 0 0
120 3 0 0 0 0 0 0 0 0
121 3 0 0 0 0 0 0 0 0
123 13 1 1 0 0 0 0 0 0
128 2 0 0 0 0 0 0 0 0
132 8 0 0 7 0 0 0 0 0
fn=_dl_sysdep_start
35 2 0 0 0 0 0 1 0 0
fl=/build/buildd/eglibc-2.19/elf/../sysdeps/unix/sysv/linux/dl-vdso.c
fn=_dl_vdso_vsym
26 4 0 0 0 0 0 0 0 0
27 8 1 1 8 1 0 0 0 0
28 8 1 1 4 0 0 0 0 0
31 8 0 0 0 0 0 0 0 0
fl=/build/buildd/eglibc-2.19/elf/../sysdeps/unix/sysv/linux/getcwd.c
fn=getcwd
49 9 2 2 0 0 0 6 0 0
80 6 0 0 0 0 0 0 0 0
81 2 0 0 0 0 0 0 0 0
94 1 0 0 0 0 0 0 0 0
131 8 0 0 7 0 0 0 0 0
fl=/build/buildd/eglibc-2.19/elf/../sysdeps/unix/sysv/linux/x86_64/brk.c
fn=brk
28 1 0 0 0 0 0 0 0 0
31 7 1 1 0 0 0 1 1 1
33 2 0 0 0 0 0 0 0 0
39 1 0 0 0 0 0 0 0 0
40 1 0 0 1 0 0 0 0 0
fl=/build/buildd/eglibc-2.19/elf/../sysdeps/x86_64/dl-irel.h
fn=_dl_fixup
32 3 1 1 0 0 0 1 0 0
fl=/build/buildd/eglibc-2.19/elf/../sysdeps/x86_64/dl-machine.h
fn=_dl_fixup
210 42 0 0 0 0 0 42 0 0
fn=_dl_relocate_object
71 20 1 1 5 0 0 0 0 0
77 8 1 1 8 3 0 0 0 0
81 12 0 0 4 4 3 0 0 0
87 4 0 0 0 0 0 4 0 0
95 12 1 1 4 0 0 0 0 0
108 8 0 0 0 0 0 4 0 0
111 16 0 0 4 3 0 0 0 0
244 216 0 0 0 0 0 0 0 0
265 216 1 1 0 0 0 0 0 0
269 216 0 0 0 0 0 0 0 0
276 4366 10 10 865 94 79 770 4 0
278 487 0 0 196 0 0 0 0 0
281 392 1 1 98 0 0 0 0 0
287 756 0 0 108 3 3 0 0 0
320 2 0 0 0 0 0 0 0 0
321 3 1 1 1 0 0 1 0 0
382 30 1 1 10 0 0 0 0 0
386 50 0 0 10 1 0 0 0 0
391 50 1 1 20 1 1 10 8 8
410 288 1 1 96 10 9 96 13 7
422 24 1 1 0 0 0 8 0 0
449 3 0 0 1 0 0 0 0 0
453 6 1 1 3 0 0 1 0 0
455 3 0 0 2 0 0 0 0 0
456 1 0 0 0 0 0 0 0 0
487 3591 0 0 1197 299 299 0 0 0
492 2394 1 1 0 0 0 0 0 0
493 3591 0 0 1197 151 151 1197 229 226
503 183 0 0 94 0 0 0 0 0
507 178 0 0 0 0 0 0 0 0
509 267 0 0 89 0 0 0 0 0
510 89 0 0 89 10 9 0 0 0
527 10 0 0 10 0 0 0 0 0
529 5 0 0 0 0 0 5 0 0
530 5 0 0 0 0 0 5 0 0
fn=_dl_start
58 3 0 0 1 1 1 0 0 0
241 9 0 0 0 0 0 0 0 0
269 18 0 0 0 0 0 0 0 0
278 36 0 0 18 2 2 0 0 0
281 36 0 0 9 5 5 0 0 0
287 55 0 0 9 2 2 0 0 0
391 9 1 1 9 1 1 0 0 0
400 9 0 0 0 0 0 9 2 2
492 20 0 0 10 1 1 0 0 0
493 30 0 0 10 1 1 10 2 2
fn=_dl_sysdep_start
200 5 0 0 2 1 1 0 0 0
fl=/build/buildd/eglibc-2.19/elf/../sysdeps/x86_64/dl-trampoline.S
fn=_dl_runtime_resolve
34 42 1 1 0 0 0 0 0 0
36 42 0 0 0 0 0 42 0 0
37 42 0 0 0 0 0 42 0 0
38 42 0 0 0 0 0 42 0 0
39 42 0 0 0 0 0 42 0 0
40 42 0 0 0 0 0 42 0 0
41 42 1 1 0 0 0 42 0 0
42 42 0 0 0 0 0 42 0 0
43 42 0 0 42 0 0 0 0 0
44 42 0 0 42 0 0 0 0 0
45 42 0 0 0 0 0 42 0 0
46 42 0 0 0 0 0 0 0 0
47 42 0 0 42 0 0 0 0 0
48 42 0 0 42 0 0 0 0 0
49 42 0 0 42 0 0 0 0 0
50 42 0 0 42 0 0 0 0 0
51 42 0 0 42 0 0 0 0 0
52 42 0 0 42 0 0 0 0 0
53 42 0 0 42 0 0 0 0 0
54 42 0 0 0 0 0 0 0 0
56 42 1 1 0 0 0 0 0 0
fl=/build/buildd/eglibc-2.19/elf/dl-addr.c
fn=_dl_addr
30 2 0 0 1 0 0 1 0 0
31 2 0 0 1 0 0 1 0 0
34 2 0 0 1 0 0 0 0 0
38 1 0 0 1 0 0 0 0 0
39 1 0 0 1 0 0 0 0 0
40 3 1 1 2 0 0 1 0 0
42 2 0 0 2 0 0 0 0 0
45 2 0 0 1 1 0 0 0 0
50 2029 0 0 2 0 0 0 0 0
52 1011 1 1 1011 61 22 0 0 0
53 2022 0 0 0 0 0 0 0 0
55 4927 0 0 905 0 0 0 0 0
61 11060 0 0 2212 474 431 0 0 0
63 8848 1 1 2212 0 0 0 0 0
64 16231 0 0 5080 354 320 0 0 0
69 2212 0 0 0 0 0 0 0 0
71 7647 1 1 2212 135 83 0 0 0
99 3 0 0 1 1 0 0 0 0
100 1 0 0 0 0 0 1 1 0
101 3 1 1 1 0 0 0 0 0
104 2 0 0 0 0 0 0 0 0
116 1 1 1 0 0 0 1 1 0
117 1 0 0 0 0 0 1 0 0
126 11 1 1 0 0 0 8 0 0
131 3 1 1 2 1 0 1 0 0
133 2 0 0 0 0 0 1 0 0
135 2 0 0 0 0 0 0 0 0
138 2 1 1 0 0 0 0 0 0
141 3 0 0 2 2 0 1 0 0
144 9 1 1 7 0 0 0 0 0
fl=/build/buildd/eglibc-2.19/elf/dl-altinit.c
fn=dlinit_alt
33 3 0 0 2 0 0 0 0 0
34 1 0 0 1 0 0 0 0 0
fl=/build/buildd/eglibc-2.19/elf/dl-cache.c
fn=_dl_cache_libcmp
138 33 1 1 22 11 11 0 0 0
139 120 0 0 0 0 0 0 0 0
141 174 0 0 0 0 0 0 0 0
143 62 0 0 0 0 0 0 0 0
149 6 1 1 0 0 0 0 0 0
150 4 0 0 0 0 0 0 0 0
151 8 0 0 2 0 0 0 0 0
153 10 1 1 2 0 0 0 0 0
155 4 0 0 0 0 0 0 0 0
161 112 1 1 0 0 0 0 0 0
163 206 0 0 94 0 0 0 0 0
164 9 0 0 0 0 0 0 0 0
167 47 0 0 0 0 0 0 0 0
168 47 0 0 0 0 0 0 0 0
171 4 0 0 0 0 0 0 0 0
172 22 0 0 11 0 0 0 0 0
fn=_dl_load_cache_lookup
182 8 1 1 0 0 0 6 0 0
190 2 0 0 1 0 0 0 0 0
193 3 0 0 1 0 0 0 0 0
196 5 1 1 0 0 0 1 0 0
204 5 0 0 1 0 0 0 0 0
205 6 1 1 0 0 0 1 0 0
209 1 0 0 0 0 0 1 0 0
212 4 0 0 1 0 0 0 0 0
215 2 0 0 0 0 0 1 0 0
216 3 0 0 0 0 0 0 0 0
217 5 1 1 0 0 0 1 0 0
219 2 0 0 0 0 0 0 0 0
244 3 1 1 1 0 0 0 0 0
253 5 0 0 2 0 0 1 0 0
259 4 0 0 0 0 0 2 0 0
263 7 1 1 2 0 0 2 0 0
264 6 0 0 3 0 0 0 0 0
278 249 9 9 32 9 9 12 0 0
294 2 1 1 1 0 0 0 0 0
299 9 0 0 7 0 0 0 0 0
fn=_dl_unload_cache
308 1 0 0 0 0 0 0 0 0
309 4 1 1 1 1 0 0 0 0
311 2 0 0 1 1 0 1 0 0
312 1 0 0 0 0 0 1 0 0
314 2 0 0 1 0 0 0 0 0
fl=/build/buildd/eglibc-2.19/elf/dl-debug.c
fn=_dl_debug_initialize
50 10 1 1 0 0 0 0 0 0
51 5 1 1 5 0 0 0 0 0
55 18 0 0 5 1 0 0 0 0
58 1 0 0 0 0 0 1 0 0
59 2 0 0 0 0 0 1 0 0
60 6 0 0 2 0 0 1 0 0
61 2 0 0 0 0 0 1 0 0
fn=_dl_debug_state
74 2 1 1 2 0 0 0 0 0
fl=/build/buildd/eglibc-2.19/elf/dl-deps.c
fn=_dl_map_object_deps
147 11 2 2 0 0 0 9 0 0
148 9 0 0 0 0 0 1 0 0
160 6 0 0 0 0 0 2 0 0
161 2 0 0 0 0 0 2 0 0
162 10 0 0 0 0 0 3 0 0
164 1 0 0 0 0 0 0 0 0
168 8 1 1 2 0 0 2 0 0
178 8 1 1 1 0 0 0 0 0
179 1 0 0 1 0 0 0 0 0
182 3 1 1 0 0 0 2 0 0
188 1 0 0 0 0 0 1 0 0
189 1 0 0 0 0 0 1 0 0
201 2 0 0 1 0 0 1 0 0
202 1 0 0 0 0 0 0 0 0
203 1 0 0 0 0 0 1 0 0
204 2 0 0 0 0 0 2 0 0
209 5 0 0 0 0 0 0 0 0
210 5 1 1 0 0 0 0 0 0
213 5 0 0 0 0 0 5 0 0
217 20 1 1 10 0 0 0 0 0
218 22 1 1 9 0 0 0 0 0
220 3 0 0 0 0 0 0 0 0
222 9 0 0 6 0 0 0 0 0
224 39 1 1 3 0 0 6 0 0
229 18 1 1 9 0 0 0 0 0
231 9 0 0 6 0 0 3 0 0
236 3 0 0 0 0 0 3 0 0
237 3 0 0 0 0 0 3 0 0
238 6 0 0 3 0 0 3 0 0
239 6 0 0 3 0 0 3 0 0
242 309 0 0 81 2 0 3 0 0
243 144 0 0 0 0 0 0 0 0
249 28 1 1 8 0 0 4 0 0
251 4 0 0 0 0 0 4 0 0
254 24 1 1 16 0 0 4 0 0
256 12 0 0 4 0 0 0 0 0
271 4 0 0 4 0 0 0 0 0
273 8 0 0 4 0 0 0 0 0
278 9 0 0 0 0 0 0 0 0
281 3 0 0 0 0 0 3 0 0
282 3 1 1 0 0 0 3 0 0
283 3 0 0 0 0 0 3 0 0
284 6 0 0 3 0 0 3 0 0
286 12 0 0 3 0 0 3 0 0
288 15 0 0 3 0 0 6 0 0
292 8 0 0 0 0 0 0 0 0
293 6 0 0 0 0 0 2 0 0
295 204 1 1 0 0 0 0 0 0
343 9 1 1 0 0 0 4 0 0
471 10 1 1 0 0 0 0 0 0
473 9 0 0 0 0 0 3 0 0
475 6 0 0 0 0 0 3 0 0
476 6 0 0 0 0 0 0 0 0
477 6 1 1 0 0 0 0 0 0
480 3 0 0 0 0 0 3 2 2
481 18 0 0 0 0 0 3 0 0
482 15 0 0 0 0 0 3 0 0
485 3 0 0 0 0 0 3 0 0
486 3 0 0 3 0 0 0 0 0
490 20 1 1 10 0 0 0 0 0
492 5 0 0 5 0 0 0 0 0
493 22 0 0 4 0 0 0 0 0
497 6 1 1 2 0 0 0 0 0
498 2 0 0 1 0 0 1 0 0
501 5 0 0 2 0 0 1 0 0
511 2 0 0 0 0 0 1 0 0
512 3 1 1 1 0 0 0 0 0
514 2 0 0 0 0 0 0 0 0
519 7 1 1 2 0 0 1 0 0
520 4 0 0 1 0 0 1 0 0
522 28 0 0 11 0 0 1 0 0
528 15 1 1 5 0 0 5 1 1
532 10 0 0 10 0 0 0 0 0
535 2 0 0 1 0 0 0 0 0
586 6 1 1 3 0 0 1 0 0
587 1 0 0 0 0 0 1 0 0
588 3 0 0 1 0 0 0 0 0
623 7 1 1 1 0 0 2 0 0
625 3 0 0 0 0 0 0 0 0
629 19 0 0 8 0 0 3 0 0
630 8 1 1 0 0 0 2 0 0
631 3 1 1 1 0 0 1 0 0
635 4 0 0 4 0 0 0 0 0
636 8 0 0 4 0 0 0 0 0
642 27 1 1 4 0 0 0 0 0
644 24 0 0 12 0 0 0 0 0
645 15 0 0 0 0 0 0 0 0
647 27 0 0 9 0 0 0 0 0
648 18 0 0 0 0 0 0 0 0
658 2 1 1 2 0 0 0 0 0
670 6 1 1 0 0 0 0 0 0
673 12 0 0 4 0 0 0 0 0
676 51 0 0 13 0 0 13 0 0
683 2 1 1 1 0 0 1 0 0
685 2 0 0 1 0 0 1 0 0
686 1 0 0 1 0 0 0 0 0
687 3 0 0 1 0 0 0 0 0
694 3 0 0 1 0 0 0 0 0
697 2 0 0 0 0 0 0 0 0
700 8 0 0 7 0 0 0 0 0
fn=openaux
60 8 1 1 0 0 0 4 0 0
63 40 1 1 16 0 0 8 0 0
64 8 0 0 4 0 0 0 0 0
67 4 0 0 4 0 0 0 0 0
68 8 0 0 8 0 0 0 0 0
fl=/build/buildd/eglibc-2.19/elf/dl-environ.c
fn=_dl_next_ld_env_entry
30 3 1 1 3 0 0 0 0 0
31 1 0 0 0 0 0 0 0 0
33 176 1 1 58 0 0 0 0 0
35 114 0 0 57 27 27 0 0 0
36 16 0 0 7 0 0 0 0 0
38 2 0 0 0 0 0 0 0 0
41 4 0 0 0 0 0 2 0 0
43 2 0 0 2 0 0 0 0 0
46 55 0 0 0 0 0 0 0 0
50 1 0 0 1 0 0 0 0 0
fl=/build/buildd/eglibc-2.19/elf/dl-error.c
fn=_dl_catch_error
163 20 1 1 0 0 0 15 0 0
175 10 0 0 0 0 0 10 3 3
176 10 0 0 0 0 0 10 1 1
177 10 0 0 0 0 0 10 0 0
178 10 0 0 0 0 0 5 0 0
180 10 0 0 5 0 0 10 1 1
181 10 0 0 5 0 0 5 0 0
182 10 1 1 0 0 0 5 0 0
185 30 0 0 0 0 0 5 0 0
187 15 0 0 10 0 0 5 0 0
188 15 0 0 10 0 0 5 0 0
189 10 0 0 5 0 0 5 0 0
190 10 1 1 5 0 0 5 0 0
191 10 0 0 5 0 0 5 0 0
199 20 0 0 10 0 0 0 0 0
fn=_dl_receive_error
205 10 1 1 0 0 0 6 0 0
206 2 0 0 1 0 0 1 0 0
210 1 0 0 1 0 0 0 0 0
211 1 0 0 1 0 0 0 0 0
214 1 0 0 0 0 0 1 0 0
215 1 0 0 0 0 0 1 0 0
217 2 0 0 0 0 0 1 0 0
219 1 1 1 0 0 0 1 0 0
220 1 0 0 0 0 0 1 0 0
221 8 0 0 7 0 0 0 0 0
fl=/build/buildd/eglibc-2.19/elf/dl-fini.c
fn=_dl_fini
131 8 1 1 0 0 0 6 0 0
143 1 0 0 0 0 0 0 0 0
144 1 1 1 0 0 0 1 0 0
150 1 0 0 0 0 0 1 0 0
153 12 0 0 2 0 0 2 0 0
156 2 1 1 1 0 0 1 0 0
159 2 0 0 2 1 0 0 0 0
162 2 0 0 0 0 0 0 0 0
164 6 1 1 3 0 0 0 0 0
171 2 0 0 1 0 0 0 0 0
175 4 0 0 1 0 0 0 0 0
177 2 0 0 1 0 0 0 0 0
180 9 1 1 0 0 0 1 0 0
183 2 0 0 0 0 0 1 0 0
191 15 0 0 5 0 0 0 0 0
193 10 0 0 5 0 0 0 0 0
195 10 0 0 5 0 0 0 0 0
197 15 1 1 5 0 0 5 0 0
198 5 0 0 0 0 0 5 2 0
199 5 0 0 5 0 0 0 0 0
203 5 0 0 5 0 0 0 0 0
205 2 0 0 1 0 0 0 0 0
210 6 0 0 2 0 0 1 0 0
219 2 1 1 1 0 0 1 0 0
223 15 1 1 6 0 0 0 0 0
225 5 0 0 5 0 0 0 0 0
227 15 0 0 5 0 0 0 0 0
230 10 0 0 0 0 0 5 0 0
233 15 0 0 5 3 0 0 0 0
234 4 1 1 2 2 0 0 0 0
237 6 1 1 3 0 0 0 0 0
244 6 0 0 0 0 0 0 0 0
248 6 0 0 6 2 0 0 0 0
249 3 0 0 3 0 0 0 0 0
250 6 0 0 3 0 0 0 0 0
251 18 1 1 0 0 0 0 0 0
252 6 0 0 3 3 0 3 0 0
256 9 0 0 3 3 0 0 0 0
257 9 0 0 6 3 0 3 0 0
262 30 0 0 10 1 0 0 0 0
278 10 0 0 5 0 0 0 0 0
283 6 0 0 2 0 0 0 0 0
289 2 1 1 1 0 0 0 0 0
296 8 1 1 7 0 0 0 0 0
fn=_dl_sort_fini
32 13 1 1 0 0 0 10 0 0
34 2 0 0 0 0 0 0 0 0
39 4 0 0 0 0 0 1 0 0
40 6 1 1 0 0 0 1 0 0
41 3 0 0 1 0 0 1 0 0
45 12 0 0 4 0 0 4 0 0
46 12 0 0 4 0 0 0 0 0
50 20 0 0 8 0 0 0 0 0
56 16 1 1 5 0 0 1 0 0
57 23 0 0 0 0 0 0 0 0
59 24 1 1 12 1 0 0 0 0
60 15 0 0 0 0 0 0 0 0
62 27 0 0 9 2 0 0 0 0
63 18 0 0 0 0 0 0 0 0
93 18 1 1 6 0 0 0 0 0
114 6 0 0 0 0 0 0 0 0
118 21 0 0 4 0 0 0 0 0
121 40 1 1 16 0 0 9 0 0
125 8 0 0 7 0 0 0 0 0
fl=/build/buildd/eglibc-2.19/elf/dl-hwcaps.c
fn=_dl_important_hwcaps
39 12 1 1 0 0 0 10 1 1
41 1 0 0 1 0 0 0 0 0
42 4 0 0 0 0 0 1 0 0
51 3 1 1 1 0 0 0 0 0
61 4 1 1 1 0 0 1 0 0
92 2 1 1 0 0 0 0 0 0
113 1 1 1 0 0 0 0 0 0
115 5 0 0 0 0 0 1 0 0
130 6 0 0 0 0 0 0 0 0
131 2 0 0 0 0 0 0 0 0
133 2 0 0 0 0 0 0 0 0
145 2 1 1 0 0 0 0 0 0
162 2 1 1 0 0 0 0 0 0
170 2 1 1 1 0 0 0 0 0
172 4 0 0 1 0 0 1 0 0
173 4 1 1 1 0 0 1 0 0
177 3 0 0 0 0 0 1 0 0
178 1 0 0 0 0 0 1 0 0
181 2 0 0 0 0 0 0 0 0
184 2 0 0 0 0 0 0 0 0
188 12 1 1 2 0 0 3 0 0
189 2 0 0 0 0 0 0 0 0
207 12 2 2 1 0 0 6 0 0
208 5 0 0 0 0 0 1 0 0
209 4 0 0 2 0 0 0 0 0
238 3 0 0 0 0 0 2 0 0
241 2 0 0 0 0 0 0 0 0
243 5 2 2 2 0 0 2 0 0
244 7 0 0 2 0 0 4 0 0
269 19 2 2 3 0 0 0 0 0
270 8 0 0 0 0 0 4 0 0
274 12 0 0 0 0 0 0 0 0
277 28 0 0 0 0 0 0 0 0
278 24 1 1 0 0 0 0 0 0
279 12 0 0 8 0 0 0 0 0
281 4 0 0 0 0 0 0 0 0
284 3 0 0 1 0 0 0 0 0
285 1 0 0 0 0 0 0 0 0
286 12 2 2 3 0 0 0 0 0
299 6 0 0 2 0 0 2 0 0
300 2 0 0 0 0 0 0 0 0
302 4 0 0 0 0 0 0 0 0
305 3 0 0 2 0 0 1 0 0
307 1 0 0 0 0 0 0 0 0
308 8 0 0 7 0 0 0 0 0
fl=/build/buildd/eglibc-2.19/elf/dl-init.c
fn=_dl_init
36 33 2 2 6 0 0 5 0 0
86 11 2 2 0 0 0 6 0 0
87 1 0 0 1 1 0 0 0 0
88 1 0 0 1 0 0 0 0 0
91 3 0 0 1 0 0 0 0 0
94 2 0 0 0 0 0 1 0 0
98 4 0 0 1 0 0 0 0 0
125 18 0 0 0 0 0 0 0 0
126 15 0 0 10 0 0 0 0 0
132 8 0 0 7 0 0 0 0 0
fn=call_init.part.0
34 45 0 0 0 0 0 25 1 0
42 15 1 1 5 0 0 5 0 0
45 20 0 0 10 1 0 0 0 0
46 3 0 0 0 0 0 0 0 0
50 12 0 0 4 3 0 0 0 0
51 2 0 0 1 1 0 0 0 0
55 6 0 0 3 0 0 0 0 0
63 6 0 0 0 0 0 0 0 0
64 18 0 0 6 3 0 3 0 0
67 3 1 1 3 2 0 0 0 0
68 6 0 0 0 0 0 0 0 0
74 9 0 0 6 1 0 0 0 0
76 6 0 0 6 1 0 0 0 0
77 23 1 1 0 0 0 0 0 0
78 20 0 0 4 0 0 4 0 0
80 30 0 0 30 0 0 0 0 0
fl=/build/buildd/eglibc-2.19/elf/dl-load.c
fn=_dl_init_paths
714 9 1 1 0 0 0 6 0 0
727 6 1 1 2 0 0 2 0 0
731 1 0 0 0 0 0 1 0 0
732 3 0 0 0 0 0 1 0 0
733 2 0 0 0 0 0 0 0 0
740 5 1 1 0 0 0 0 0 0
741 5 0 0 1 0 0 2 0 0
744 1 0 0 0 0 0 1 0 0
745 2 0 0 0 0 0 1 0 0
747 3 0 0 1 0 0 0 0 0
753 1 0 0 0 0 0 1 0 0
754 1 0 0 0 0 0 1 0 0
762 13 0 0 0 0 0 3 1 1
764 8 1 1 0 0 0 4 0 0
765 7 1 1 0 0 0 4 3 3
767 8 0 0 0 0 0 4 0 0
768 14 0 0 3 1 1 4 1 1
769 33 0 0 4 0 0 13 0 0
772 9 1 1 3 1 1 0 0 0
776 27 1 1 15 0 0 5 0 0
782 1 1 1 0 0 0 1 1 1
783 1 0 0 0 0 0 1 0 0
787 1 1 1 1 0 0 0 0 0
788 2 0 0 0 0 0 0 0 0
790 4 0 0 1 0 0 0 0 0
792 3 0 0 1 0 0 0 0 0
809 1 0 0 0 0 0 1 0 0
811 3 1 1 1 0 0 0 0 0
825 2 1 1 0 0 0 1 0 0
830 4 2 2 1 0 0 0 0 0
838 5 0 0 0 0 0 1 0 0
840 11 1 1 0 0 0 2 0 0
856 2 0 0 0 0 0 0 0 0
857 46 1 1 15 0 0 0 0 0
859 14 0 0 0 0 0 0 0 0
860 42 0 0 0 0 0 0 0 0
861 14 0 0 0 0 0 0 0 0
864 1 0 0 0 0 0 1 0 0
865 1 0 0 0 0 0 1 0 0
866 2 0 0 0 0 0 0 0 0
872 8 0 0 1 0 0 2 0 0
876 3 1 1 2 0 0 0 0 0
882 1 0 0 0 0 0 1 0 0
886 8 0 0 7 0 0 0 0 0
fn=_dl_map_object
161 4 0 0 0 0 0 2 0 0
162 2 0 0 0 0 0 1 0 0
164 3 0 0 1 0 0 0 0 0
167 4 1 1 1 0 0 1 0 0
691 9 1 1 3 0 0 0 0 0
2317 50 2 2 0 0 0 40 2 2
2324 10 0 0 0 0 0 0 0 0
2325 10 0 0 5 1 1 0 0 0
2328 87 1 1 19 0 0 0 0 0
2333 48 0 0 16 0 0 0 0 0
2334 32 0 0 0 0 0 0 0 0
2336 82 0 0 0 0 0 16 0 0
2340 28 0 0 14 0 0 0 0 0
2341 42 1 1 14 0 0 0 0 0
2344 4 0 0 4 0 0 0 0 0
2345 8 0 0 8 0 0 0 0 0
2346 16 1 1 0 0 0 4 0 0
2362 6 1 1 3 0 0 0 0 0
2372 18 1 1 3 0 0 3 0 0
2396 3 0 0 0 0 0 3 1 1
2398 15 0 0 0 0 0 3 0 0
2402 4 1 1 0 0 0 2 0 0
2404 2 0 0 1 0 0 0 0 0
2411 4 1 1 1 0 0 0 0 0
2415 2 1 1 1 0 0 1 0 0
2416 3 0 0 0 0 0 1 0 0
2420 3 1 1 1 0 0 0 0 0
2421 1 0 0 0 0 0 0 0 0
2423 11 1 1 0 0 0 4 0 0
2435 4 1 1 3 0 0 0 0 0
2436 7 1 1 2 0 0 0 0 0
2437 1 1 1 0 0 0 0 0 0
2446 2 0 0 1 0 0 0 0 0
2447 18 1 1 2 0 0 4 0 0
2453 6 0 0 0 0 0 2 0 0
2454 1 1 1 0 0 0 0 0 0
2456 2 1 1 1 0 0 1 0 0
2462 4 0 0 0 0 0 1 0 0
2464 3 0 0 1 0 0 0 0 0
2468 3 0 0 0 0 0 2 0 0
2470 2 0 0 0 0 0 0 0 0
2474 3 1 1 1 0 0 0 0 0
2482 2 0 0 1 0 0 0 0 0
2504 9 1 1 2 0 0 1 0 0
2507 3 0 0 0 0 0 1 0 0
2509 1 0 0 0 0 0 1 0 0
2510 3 0 0 1 0 0 0 0 0
2530 2 1 1 1 0 0 0 0 0
2536 2 0 0 0 0 0 2 0 0
2538 12 0 0 0 0 0 2 0 0
2539 6 1 1 0 0 0 0 0 0
2540 2 0 0 0 0 0 0 0 0
2543 14 0 0 0 0 0 2 0 0
2546 4 0 0 0 0 0 0 0 0
2558 12 0 0 3 0 0 0 0 0
2560 6 1 1 0 0 0 0 0 0
2604 6 0 0 3 0 0 3 0 0
2605 36 1 1 6 0 0 12 0 0
2607 40 0 0 35 0 0 0 0 0
fn=_dl_map_object_from_fd
474 4 1 1 2 0 0 0 0 0
923 45 1 1 0 0 0 30 2 2
934 12 1 1 3 0 0 6 1 1
935 3 0 0 0 0 0 3 0 0
938 18 0 0 0 0 0 3 0 0
949 48 1 1 15 0 0 0 0 0
950 45 0 0 24 1 1 0 0 0
967 6 1 1 3 0 0 0 0 0
992 6 0 0 3 0 0 0 0 0
1002 6 1 1 3 0 0 0 0 0
1024 12 0 0 6 0 0 0 0 0
1056 6 0 0 0 0 0 0 0 0
1059 24 1 1 12 0 0 3 0 0
1060 6 0 0 0 0 0 0 0 0
1071 9 0 0 6 0 0 3 3 3
1072 9 0 0 6 0 0 3 0 0
1073 6 1 1 3 0 0 3 0 0
1075 15 0 0 0 0 0 0 0 0
1076 12 0 0 6 0 0 0 0 0
1077 3 0 0 0 0 0 0 0 0
1092 3 1 1 0 0 0 3 0 0
1101 36 1 1 6 0 0 9 0 0
1102 3 0 0 0 0 0 0 0 0
1103 3 0 0 0 0 0 0 0 0
1109 201 0 0 0 0 0 0 0 0
1110 193 2 2 24 0 0 0 0 0
1116 6 0 0 3 0 0 3 0 0
1117 9 0 0 3 0 0 3 0 0
1118 3 0 0 0 0 0 0 0 0
1121 2 0 0 1 0 0 1 0 0
1122 1 0 0 0 0 0 0 0 0
1127 30 2 2 12 0 0 0 0 0
1133 36 0 0 12 0 0 0 0 0
1134 6 0 0 0 0 0 0 0 0
1141 30 0 0 6 0 0 0 0 0
1142 24 0 0 0 0 0 6 3 3
1143 18 0 0 6 0 0 0 0 0
1144 12 0 0 0 0 0 6 1 1
1145 6 0 0 0 0 0 6 0 0
1146 12 1 1 6 0 0 6 0 0
1147 12 0 0 0 0 0 6 0 0
1151 12 0 0 0 0 0 0 0 0
1152 9 0 0 3 0 0 0 0 0
1157 42 1 1 6 0 0 6 2 2
1167 6 0 0 0 0 0 0 0 0
1170 3 0 0 1 0 0 0 0 0
1174 1 0 0 0 0 0 1 1 1
1175 2 1 1 1 0 0 1 0 0
1176 2 0 0 0 0 0 0 0 0
1177 1 0 0 0 0 0 0 0 0
1179 3 0 0 1 0 0 1 0 0
1180 2 0 0 1 0 0 1 0 0
1183 2 0 0 1 0 0 1 0 0
1187 4 0 0 1 0 0 0 0 0
1193 3 0 0 1 0 0 2 1 1
1194 1 0 0 0 0 0 0 0 0
1198 12 0 0 3 0 0 3 0 0
1206 15 0 0 0 0 0 0 0 0
1250 6 1 1 3 0 0 3 0 0
1251 12 0 0 0 0 0 0 0 0
1254 6 1 1 3 0 0 3 1 1
1255 9 0 0 6 0 0 3 0 0
1256 3 0 0 0 0 0 0 0 0
1259 9 0 0 0 0 0 0 0 0
1272 24 1 1 15 0 0 3 0 0
1274 6 0 0 3 0 0 0 0 0
1288 3 0 0 3 0 0 0 0 0
1293 21 1 1 12 0 0 6 2 2
1297 6 0 0 0 0 0 0 0 0
1304 9 0 0 3 0 0 3 0 0
1305 9 1 1 6 0 0 3 0 0
1307 6 0 0 0 0 0 0 0 0
1313 18 0 0 3 0 0 3 0 0
1314 3 1 1 3 0 0 0 0 0
1317 3 0 0 3 0 0 0 0 0
1319 3 0 0 3 0 0 0 0 0
1340 30 0 0 6 0 0 0 0 0
1342 12 1 1 6 0 0 0 0 0
1344 30 0 0 12 0 0 3 0 0
1352 18 0 0 6 0 0 0 0 0
1353 9 1 1 6 0 0 3 0 0
1355 12 0 0 6 0 0 0 0 0
1356 10 1 1 6 0 0 0 0 0
1357 12 0 0 4 0 0 0 0 0
1358 10 1 1 2 0 0 0 0 0
1360 8 0 0 0 0 0 2 0 0
1363 24 0 0 12 0 0 0 0 0
1369 6 0 0 3 0 0 0 0 0
1370 3 0 0 0 0 0 0 0 0
1371 15 0 0 3 0 0 0 0 0
1372 6 1 1 0 0 0 0 0 0
1379 6 0 0 0 0 0 0 0 0
1382 6 0 0 0 0 0 0 0 0
1393 21 0 0 0 0 0 9 0 0
1394 15 0 0 9 0 0 0 0 0
1399 6 0 0 0 0 0 0 0 0
1403 8 0 0 1 0 0 1 0 0
1406 2 0 0 0 0 0 0 0 0
1414 6 1 1 0 0 0 0 0 0
1418 12 1 1 6 0 0 0 0 0
1427 9 0 0 3 0 0 3 0 0
1433 6 0 0 0 0 0 0 0 0
1449 9 1 1 3 0 0 0 0 0
1468 6 0 0 3 0 0 3 0 0
1470 15 0 0 6 0 0 0 0 0
1525 9 0 0 3 2 2 0 0 0
1526 2 0 0 1 0 0 1 0 0
1529 12 1 1 3 0 0 3 0 0
1537 21 1 1 3 0 0 0 0 0
1540 12 1 1 6 0 0 3 0 0
1542 6 0 0 3 0 0 0 0 0
1558 6 0 0 0 0 0 3 0 0
1562 6 0 0 3 0 0 0 0 0
1563 6 0 0 3 0 0 0 0 0
1580 6 1 1 3 0 0 0 0 0
1581 1 0 0 0 0 0 1 0 0
1584 6 0 0 3 0 0 3 0 0
1585 6 0 0 3 0 0 3 0 0
1589 6 0 0 3 0 0 0 0 0
1599 9 1 1 3 0 0 3 0 0
1603 12 0 0 3 0 0 0 0 0
1623 24 0 0 21 0 0 0 0 0
fn=expand_dynamic_string_token
161 9 0 0 0 0 0 3 0 0
162 6 1 1 0 0 0 3 0 0
164 6 0 0 0 0 0 0 0 0
167 12 0 0 0 0 0 0 0 0
415 24 1 1 0 0 0 15 0 0
425 15 0 0 0 0 0 3 0 0
440 15 0 0 15 0 0 0 0 0
fn=fillin_rpath
486 17 1 1 0 0 0 12 0 0
488 1 0 0 0 0 0 0 0 0
491 7 1 1 0 0 0 2 0 0
495 5 0 0 1 0 0 1 0 0
497 3 0 0 0 0 0 1 0 0
501 2 0 0 0 0 0 0 0 0
508 8 2 2 1 0 0 0 0 0
513 2 0 0 0 0 0 1 0 0
516 5 0 0 1 0 0 0 0 0
523 18 1 1 5 0 0 1 0 0
524 8 0 0 4 0 0 0 0 0
542 4 2 2 1 0 0 1 0 0
545 2 0 0 0 0 0 1 0 0
546 4 1 1 2 0 0 1 0 0
547 4 0 0 0 0 0 2 0 0
548 4 1 1 2 0 0 0 0 0
552 1 0 0 0 0 0 1 1 1
553 1 0 0 0 0 0 0 0 0
554 5 0 0 0 0 0 3 0 0
555 1 0 0 0 0 0 1 0 0
557 3 0 0 2 0 0 0 0 0
563 4 1 1 1 0 0 0 0 0
564 14 0 0 0 0 0 0 0 0
565 10 1 1 0 0 0 2 0 0
567 2 0 0 1 0 0 1 0 0
568 2 0 0 1 0 0 0 0 0
573 2 1 1 0 0 0 1 0 0
575 2 1 1 1 0 0 1 0 0
576 1 0 0 0 0 0 1 0 0
579 3 0 0 0 0 0 1 0 0
581 4 1 1 2 0 0 1 0 0
585 1 0 0 0 0 0 1 0 0
588 9 0 0 7 0 0 0 0 0
fn=open_path
2168 14 2 2 0 0 0 12 0 0
2169 2 0 0 1 0 0 1 0 0
2172 1 0 0 0 0 0 1 0 0
2173 1 1 1 0 0 0 1 0 0
2175 2 0 0 0 0 0 0 0 0
2180 8 0 0 2 0 0 0 0 0
2183 1 0 0 1 0 0 0 0 0
2187 2 0 0 0 0 0 0 0 0
2192 2 0 0 1 0 0 0 0 0
2199 5 0 0 2 0 0 2 0 0
2200 16 1 1 1 0 0 0 0 0
2203 8 1 1 4 0 0 0 0 0
2207 52 1 1 24 0 0 8 0 0
2210 4 0 0 0 0 0 0 0 0
2213 8 0 0 4 0 0 0 0 0
2216 28 1 1 16 0 0 4 0 0
2218 12 0 0 4 0 0 0 0 0
2220 8 0 0 0 0 0 0 0 0
2225 8 1 1 4 0 0 0 0 0
2226 36 0 0 16 0 0 0 0 0
2232 17 1 1 5 0 0 5 0 0
2234 24 1 1 4 0 0 4 0 0
2235 2 0 0 1 0 0 0 0 0
2237 21 1 1 4 0 0 4 0 0
2244 8 0 0 0 0 0 0 0 0
2254 2 0 0 0 0 0 1 0 0
2282 1 0 0 0 0 0 0 0 0
2285 5 0 0 1 0 0 0 0 0
2290 1 1 1 1 0 0 0 0 0
2292 4 0 0 3 0 0 0 0 0
2295 3 0 0 1 0 0 0 0 0
2309 11 1 1 7 0 0 0 0 0
fn=open_verify
1873 24 2 2 0 0 0 16 1 1
1909 6 0 0 2 0 0 0 0 0
1930 10 0 0 2 0 0 4 0 0
1931 4 0 0 0 0 0 0 0 0
1941 2 1 1 0 0 0 2 0 0
1942 4 0 0 0 0 0 2 1 1
1947 12 0 0 2 0 0 2 0 0
1949 4 0 0 0 0 0 0 0 0
1951 6 0 0 2 0 0 2 0 0
1953 4 0 0 0 0 0 0 0 0
1959 4 1 1 0 0 0 0 0 0
1975 22 0 0 0 0 0 2 0 0
1977 2 0 0 2 0 0 0 0 0
1979 8 1 1 0 0 0 2 0 0
2006 6 1 1 4 0 0 0 0 0
2050 4 0 0 2 0 0 0 0 0
2055 4 0 0 2 0 0 0 0 0
2058 8 0 0 2 0 0 0 0 0
2063 4 1 1 2 1 1 0 0 0
2070 10 0 0 2 0 0 0 0 0
2071 8 0 0 2 0 0 0 0 0
2072 2 0 0 0 0 0 0 0 0
2087 122 0 0 0 0 0 0 0 0
2089 38 1 1 18 5 5 0 0 0
2093 8 1 1 4 0 0 0 0 0
2094 4 0 0 0 0 0 0 0 0
2103 12 1 1 0 0 0 2 0 0
2106 2 0 0 0 0 0 0 0 0
2107 6 0 0 2 0 0 0 0 0
2108 6 0 0 2 0 0 0 0 0
2110 6 0 0 0 0 0 0 0 0
2154 16 0 0 14 0 0 0 0 0
fn=open_verify.constprop.6
1871 55 2 2 0 0 0 35 0 0
1909 15 0 0 5 0 0 0 0 0
1930 25 0 0 5 0 0 10 0 0
1931 10 0 0 0 0 0 0 0 0
1941 1 0 0 0 0 0 1 0 0
1942 2 0 0 0 0 0 1 0 0
1947 6 1 1 1 0 0 1 0 0
1949 2 0 0 0 0 0 0 0 0
1951 3 0 0 1 0 0 1 0 0
1953 2 0 0 0 0 0 0 0 0
1959 2 0 0 0 0 0 0 0 0
1975 11 1 1 0 0 0 1 0 0
1977 1 0 0 1 0 0 0 0 0
1979 4 0 0 0 0 0 1 0 0
2050 2 1 1 1 0 0 0 0 0
2055 2 0 0 1 0 0 0 0 0
2058 4 0 0 1 0 0 0 0 0
2063 2 0 0 1 0 0 0 0 0
2070 7 1 1 1 0 0 0 0 0
2071 4 0 0 1 0 0 0 0 0
2072 1 0 0 0 0 0 0 0 0
2087 45 0 0 0 0 0 0 0 0
2089 17 1 1 8 0 0 0 0 0
2093 4 1 1 2 0 0 0 0 0
2094 2 0 0 0 0 0 0 0 0
2103 12 1 1 0 0 0 2 0 0
2106 1 0 0 0 0 0 0 0 0
2107 3 0 0 1 0 0 0 0 0
2108 3 0 0 1 0 0 0 0 0
2110 3 0 0 0 0 0 0 0 0
2115 1 0 0 0 0 0 0 0 0
2116 1 0 0 0 0 0 0 0 0
2119 2 0 0 0 0 0 0 0 0
2122 3 0 0 1 0 0 0 0 0
2123 5 0 0 1 0 0 0 0 0
2124 2 0 0 1 0 0 0 0 0
2125 3 0 0 1 0 0 0 0 0
2126 6 0 0 2 0 0 0 0 0
2131 4 1 1 0 0 0 0 0 0
2154 40 1 1 35 0 0 0 0 0
fl=/build/buildd/eglibc-2.19/elf/dl-lookup.c
fn=_dl_lookup_symbol_x
475 272 0 0 0 0 0 0 0 0
476 8888 2 2 2154 115 106 136 0 0
477 8072 0 0 0 0 0 0 0 0
714 1904 1 1 0 0 0 1088 3 0
716 272 0 0 0 0 0 136 0 0
717 272 0 0 0 0 0 272 1 0
720 136 0 0 136 2 0 0 0 0
724 458 1 1 93 0 0 0 0 0
728 272 0 0 0 0 0 136 0 0
729 272 0 0 136 0 0 0 0 0
731 272 0 0 272 6 0 0 0 0
735 1128 1 1 10 0 0 272 0 0
737 1768 1 1 816 0 0 952 4 0
740 272 0 0 0 0 0 0 0 0
743 10 0 0 0 0 0 0 0 0
766 272 1 1 136 0 0 0 0 0
768 70 1 1 20 0 0 0 0 0
784 10 0 0 0 0 0 10 0 0
785 20 1 1 0 0 0 0 0 0
788 126 0 0 126 0 0 0 0 0
789 882 0 0 252 0 0 0 0 0
815 126 0 0 0 0 0 0 0 0
824 630 0 0 126 0 0 0 0 0
838 378 1 1 126 7 1 0 0 0
839 2 1 1 0 0 0 1 0 0
841 504 0 0 252 0 0 0 0 0
846 126 0 0 0 0 0 126 0 0
848 1088 0 0 952 0 0 0 0 0
fn=_dl_setup_hash
859 15 1 1 5 0 0 0 0 0
863 5 0 0 5 0 0 0 0 0
867 10 0 0 5 5 5 5 1 1
868 5 0 0 5 0 0 0 0 0
869 5 0 0 5 1 1 0 0 0
871 15 1 1 0 0 0 0 0 0
872 5 0 0 0 0 0 5 0 0
873 15 0 0 5 0 0 5 0 0
875 5 0 0 0 0 0 5 0 0
876 10 0 0 0 0 0 0 0 0
878 5 0 0 0 0 0 5 0 0
879 5 0 0 0 0 0 0 0 0
880 20 1 1 0 0 0 5 0 0
881 5 0 0 5 0 0 0 0 0
fn=check_match.9458
131 882 2 1 0 0 0 504 2 0
132 252 2 1 126 30 21 0 0 0
134 504 0 0 252 15 13 0 0 0
136 378 0 0 126 0 0 0 0 0
146 378 0 0 126 0 0 126 9 0
149 510 1 0 255 0 0 43 1 0
153 252 0 0 252 0 0 0 0 0
154 378 1 1 126 0 0 0 0 0
156 186 0 0 0 0 0 0 0 0
175 186 0 0 186 13 6 0 0 0
176 744 1 1 279 5 0 0 0 0
177 465 2 1 186 1 0 93 1 0
204 66 2 1 0 0 0 0 0 0
206 198 0 0 66 5 2 0 0 0
207 132 0 0 33 0 0 0 0 0
222 882 1 0 630 0 0 0 0 0
fn=do_lookup_x
77 1088 1 1 408 0 0 680 2 0
82 1632 3 2 272 0 0 952 4 0
83 136 0 0 136 1 0 0 0 0
89 136 0 0 136 0 0 0 0 0
95 529 0 0 0 0 0 529 0 0
96 529 0 0 0 0 0 529 0 0
98 1587 1 1 1058 10 0 529 0 0
101 1058 0 0 0 0 0 0 0 0
105 1066 0 0 533 0 0 0 0 0
109 1056 0 0 528 9 0 0 0 0
113 1056 0 0 528 1 0 0 0 0
119 1584 1 1 528 7 0 0 0 0
123 1056 0 0 1056 19 0 0 0 0
124 1584 0 0 1056 1 0 528 0 0
225 528 0 0 528 0 0 0 0 0
226 1056 0 0 0 0 0 0 0 0
228 528 0 0 528 52 34 0 0 0
229 272 0 0 0 0 0 0 0 0
230 1056 0 0 528 0 0 0 0 0
232 544 0 0 0 0 0 0 0 0
233 2112 2 1 528 0 0 0 0 0
236 2112 0 0 0 0 0 0 0 0
237 1584 0 0 0 0 0 0 0 0
239 288 0 0 288 64 49 0 0 0
240 576 2 1 0 0 0 0 0 0
241 288 0 0 0 0 0 0 0 0
243 429 0 0 143 0 0 0 0 0
246 1350 2 1 270 76 64 0 0 0
248 1008 1 1 252 0 0 252 0 0
249 1008 0 0 0 0 0 630 2 0
250 630 0 0 378 0 0 0 0 0
253 432 0 0 0 0 0 0 0 0
257 402 0 0 0 0 0 402 0 0
281 804 0 0 402 0 0 0 0 0
286 960 0 0 126 0 0 0 0 0
290 288 1 1 12 1 0 126 0 0
303 252 0 0 126 0 0 126 0 0
304 252 0 0 126 0 0 126 0 0
305 126 1 1 0 0 0 0 0 0
461 2058 1 1 686 2 0 0 0 0
462 649 0 0 236 0 0 236 0 0
465 1209 1 1 0 0 0 0 0 0
468 20 0 0 0 0 0 0 0 0
469 1088 0 0 952 0 0 0 0 0
fl=/build/buildd/eglibc-2.19/elf/dl-minimal.c
fn=__libc_memalign
51 108 1 1 0 0 0 54 2 2
52 133 0 0 53 0 0 0 0 0
57 3 0 0 0 0 0 1 0 0
58 3 1 1 1 0 0 0 0 0
59 1 0 0 0 0 0 0 0 0
63 81 1 1 0 0 0 27 0 0
64 27 0 0 0 0 0 0 0 0
66 177 0 0 0 0 0 0 0 0
70 12 0 0 3 0 0 0 0 0
71 9 1 1 0 0 0 0 0 0
77 21 0 0 0 0 0 3 0 0
79 15 0 0 6 0 0 0 0 0
83 9 0 0 0 0 0 3 0 0
86 27 0 0 0 0 0 27 0 0
87 27 0 0 0 0 0 27 0 0
89 207 0 0 81 0 0 0 0 0
fn=calloc
102 10 1 1 0 0 0 0 0 0
106 10 0 0 0 0 0 0 0 0
109 50 0 0 0 0 0 0 0 0
113 10 0 0 0 0 0 0 0 0
fn=free
119 2 0 0 0 0 0 1 0 0
121 2 1 1 1 0 0 0 0 0
128 2 0 0 2 0 0 0 0 0
fn=malloc
93 26 1 1 0 0 0 0 0 0
94 52 0 0 0 0 0 0 0 0
fn=realloc
133 4 1 1 0 0 0 2 0 0
134 2 0 0 0 0 0 0 0 0
135 2 0 0 0 0 0 0 0 0
141 3 1 1 2 0 0 0 0 0
fn=strsep
338 8 1 1 4 0 0 0 0 0
340 4 0 0 4 0 0 0 0 0
341 8 0 0 0 0 0 0 0 0
345 317 1 1 63 0 0 0 0 0
350 244 0 0 122 0 0 0 0 0
352 366 0 0 122 0 0 0 0 0
360 61 0 0 0 0 0 0 0 0
363 2 0 0 0 0 0 2 0 0
367 4 0 0 4 0 0 0 0 0
fl=/build/buildd/eglibc-2.19/elf/dl-misc.c
fn=_dl_name_match_p
288 440 1 1 0 0 0 176 1 1
289 352 0 0 88 0 0 88 0 0
290 93 0 0 0 0 0 0 0 0
292 88 0 0 88 0 0 0 0 0
294 354 0 0 0 0 0 0 0 0
295 470 1 1 94 5 0 94 0 0
298 89 0 0 89 0 0 0 0 0
300 83 0 0 0 0 0 0 0 0
301 440 0 0 264 0 0 0 0 0
fn=_dl_sysdep_read_whole_file
45 7 2 2 0 0 0 4 0 0
46 1 0 0 0 0 0 0 0 0
52 4 0 0 0 0 0 1 0 0
53 2 0 0 0 0 0 0 0 0
55 6 0 0 0 0 0 1 0 0
57 2 0 0 1 0 0 1 1 1
60 2 0 0 0 0 0 0 0 0
62 8 1 1 0 0 0 1 0 0
73 2 0 0 0 0 0 1 0 0
76 7 0 0 5 0 0 0 0 0
fl=/build/buildd/eglibc-2.19/elf/dl-object.c
fn=_dl_add_to_namespace_list
32 20 1 1 0 0 0 8 0 0
34 8 0 0 4 0 0 4 0 0
36 29 1 1 4 0 0 0 0 0
39 27 0 0 9 0 0 0 0 0
40 6 0 0 0 0 0 0 0 0
41 3 0 0 0 0 0 3 0 0
43 3 0 0 0 0 0 3 0 0
46 2 0 0 0 0 0 1 0 0
47 12 0 0 4 0 0 0 0 0
48 8 0 0 4 0 0 4 0 0
49 8 0 0 0 0 0 4 0 0
51 12 0 0 4 0 0 0 0 0
52 12 0 0 8 0 0 0 0 0
fn=_dl_new_object
61 56 2 2 0 0 0 40 1 1
62 20 0 0 0 0 0 4 1 1
68 48 1 1 8 0 0 0 0 0
75 20 0 0 0 0 0 8 0 0
78 8 0 0 0 0 0 0 0 0
81 4 0 0 0 0 0 4 3 3
82 8 0 0 0 0 0 4 4 4
86 8 0 0 0 0 0 4 2 2
87 20 1 1 8 0 0 8 2 2
89 4 0 0 0 0 0 4 0 0
97 20 0 0 8 0 0 4 0 0
98 24 1 1 8 4 4 4 0 0
101 8 0 0 4 0 0 0 0 0
102 9 1 1 0 0 0 4 4 4
103 4 0 0 0 0 0 4 0 0
107 4 0 0 0 0 0 4 0 0
110 45 1 1 0 0 0 0 0 0
112 32 0 0 0 0 0 16 5 5
122 8 0 0 0 0 0 4 1 1
123 4 0 0 0 0 0 4 4 4
126 4 0 0 0 0 0 0 0 0
128 24 1 1 4 0 0 0 0 0
130 9 0 0 0 0 0 3 1 1
133 9 0 0 0 0 0 0 0 0
137 9 0 0 3 0 0 0 0 0
141 21 0 0 3 0 0 0 0 0
143 1 1 1 0 0 0 0 0 0
149 1 0 0 0 0 0 1 1 1
152 8 0 0 0 0 0 4 1 1
155 20 0 0 8 0 0 0 0 0
157 15 0 0 3 0 0 6 0 0
161 15 1 1 0 0 0 0 0 0
165 6 2 2 0 0 0 2 0 0
166 8 0 0 0 0 0 0 0 0
183 1 0 0 0 0 0 0 0 0
184 4 0 0 0 0 0 1 0 0
185 2 0 0 0 0 0 0 0 0
191 5 0 0 0 0 0 1 0 0
205 3 0 0 0 0 0 1 0 0
206 3 0 0 1 0 0 0 0 0
207 2 0 0 0 0 0 1 0 0
211 12 0 0 6 0 0 3 0 0
216 109 0 0 0 0 0 0 0 0
217 118 0 0 56 0 0 0 0 0
222 6 0 0 0 0 0 3 0 0
225 6 1 1 0 0 0 3 0 0
229 32 1 1 28 0 0 0 0 0
fl=/build/buildd/eglibc-2.19/elf/dl-open.c
fn=_dl_find_dso_for_object
182 5 1 1 1 0 0 0 0 0
183 13 2 2 4 0 0 0 0 0
184 16 0 0 8 0 0 0 0 0
185 2 0 0 1 0 0 0 0 0
188 2 1 1 1 0 0 0 0 0
192 1 0 0 1 0 0 0 0 0
fl=/build/buildd/eglibc-2.19/elf/dl-reloc.c
fn=_dl_relocate_object
154 60 1 1 0 0 0 40 0 0
161 5 0 0 0 0 0 5 0 0
164 10 0 0 0 0 0 0 0 0
165 25 1 1 0 0 0 15 0 0
169 10 0 0 0 0 0 0 0 0
170 20 1 1 10 1 0 0 0 0
176 10 0 0 5 0 0 0 0 0
182 15 0 0 5 0 0 0 0 0
183 10 1 1 5 4 0 0 0 0
186 10 1 1 5 0 0 0 0 0
193 10 0 0 5 2 0 0 0 0
238 15 0 0 10 0 0 5 0 0
264 294 3 3 104 15 1 67 0 0
267 15 1 1 5 0 0 0 0 0
295 5 0 0 5 0 0 0 0 0
298 10 0 0 5 0 0 0 0 0
315 15 0 0 5 3 0 0 0 0
317 40 0 0 35 1 0 0 0 0
323 20 1 1 10 0 0 0 0 0
324 10 0 0 5 0 0 0 0 0
325 10 0 0 0 0 0 0 0 0
328 10 0 0 0 0 0 0 0 0
329 25 1 1 0 0 0 5 0 0
fl=/build/buildd/eglibc-2.19/elf/dl-tls.c
fn=__tls_get_addr
770 1 1 1 1 0 0 0 0 0
772 3 0 0 2 2 0 0 0 0
775 3 0 0 2 0 0 0 0 0
777 2 0 0 0 0 0 0 0 0
780 1 0 0 1 0 0 0 0 0
781 1 0 0 1 0 0 0 0 0
fn=_dl_add_to_slotinfo
831 4 1 1 0 0 0 3 0 0
837 2 1 1 1 0 0 0 0 0
840 1 0 0 1 1 0 0 0 0
845 5 0 0 1 0 0 0 0 0
886 1 0 0 0 0 0 1 1 0
887 3 1 1 1 1 0 1 0 0
888 4 0 0 4 0 0 0 0 0
fn=_dl_allocate_tls_init
376 8 1 1 0 0 0 7 0 0
377 2 0 0 0 0 0 0 0 0
381 3 0 0 2 1 0 1 0 0
383 1 0 0 0 0 0 0 0 0
384 1 0 0 0 0 0 0 0 0
389 3 0 0 1 0 0 1 0 0
394 12 1 1 2 0 0 0 0 0
400 9 0 0 0 0 0 0 0 0
403 1 1 1 1 0 0 0 0 0
404 2 0 0 0 0 0 0 0 0
410 3 0 0 1 0 0 0 0 0
412 2 0 0 0 0 0 0 0 0
413 2 0 0 1 0 0 0 0 0
422 2 1 1 1 0 0 0 0 0
423 4 0 0 2 0 0 0 0 0
425 2 0 0 0 0 0 0 0 0
426 2 1 1 1 0 0 0 0 0
434 4 0 0 1 0 0 1 1 0
435 1 0 0 0 0 0 1 0 0
436 11 0 0 4 0 0 2 0 0
450 2 1 1 1 0 0 1 0 0
452 1 0 0 1 0 0 0 0 0
453 8 1 1 7 0 0 0 0 0
fn=_dl_allocate_tls_storage
295 2 0 0 1 0 0 0 0 0
296 3 1 1 0 0 0 1 0 0
297 2 0 0 0 0 0 0 0 0
300 1 0 0 0 0 0 1 1 1
306 2 0 0 0 0 0 1 0 0
328 3 1 1 0 0 0 3 0 0
330 1 0 0 1 0 0 0 0 0
341 4 0 0 1 0 0 1 0 0
342 2 0 0 0 0 0 0 0 0
349 1 0 0 0 0 0 0 0 0
353 306 1 1 0 0 0 288 36 36
370 5 0 0 4 0 0 0 0 0
fn=_dl_determine_tlsoffset
112 7 1 1 0 0 0 6 0 0
113 2 1 1 0 0 0 0 0 0
114 1 0 0 0 0 0 0 0 0
115 1 0 0 0 0 0 0 0 0
118 3 1 1 1 0 0 0 0 0
121 2 0 0 1 0 0 0 0 0
123 1 0 0 0 0 0 0 0 0
155 1 0 0 0 0 0 0 0 0
157 10 0 0 2 1 1 0 0 0
159 3 0 0 1 0 0 0 0 0
161 3 0 0 1 0 0 0 0 0
162 2 1 1 1 0 0 0 0 0
164 2 0 0 0 0 0 0 0 0
166 5 0 0 1 0 0 0 0 0
168 2 1 1 0 0 0 0 0 0
182 9 1 1 0 0 0 0 0 0
184 3 0 0 0 0 0 0 0 0
185 1 0 0 0 0 0 0 0 0
194 1 0 0 0 0 0 1 0 0
197 4 0 0 0 0 0 1 0 0
198 1 0 0 0 0 0 1 0 0
249 1 0 0 0 0 0 1 0 0
250 8 0 0 7 0 0 0 0 0
fn=_dl_next_tls_modid
50 1 1 1 0 0 0 0 0 0
53 3 0 0 2 0 0 0 0 0
101 2 0 0 0 0 0 1 0 0
105 2 0 0 1 0 0 0 0 0
fl=/build/buildd/eglibc-2.19/elf/dl-version.c
fn=_dl_check_all_versions
380 6 1 1 0 0 0 4 0 0
382 2 0 0 0 0 0 0 0 0
384 19 1 1 5 0 0 0 0 0
385 5 1 1 0 0 0 0 0 0
386 50 0 0 5 0 0 5 0 0
389 7 0 0 5 0 0 0 0 0
fn=_dl_check_map_versions
56 41 0 0 6 0 0 0 0 0
57 10 0 0 10 0 0 0 0 0
58 68 1 1 0 0 0 13 0 0
174 55 1 1 0 0 0 40 0 0
175 2 0 0 0 0 0 0 0 0
183 2 1 1 0 0 0 0 0 0
189 15 0 0 5 0 0 0 0 0
191 10 0 0 5 0 0 5 0 0
193 10 0 0 5 0 0 5 0 0
194 10 1 1 5 0 0 5 0 0
196 10 0 0 0 0 0 0 0 0
199 12 0 0 9 0 0 3 0 0
203 18 0 0 6 3 3 0 0 0
220 9 1 1 9 0 0 0 0 0
228 9 0 0 3 0 0 0 0 0
233 21 0 0 6 0 0 0 0 0
237 115 2 2 67 2 1 14 0 0
244 28 0 0 7 0 0 0 0 0
247 24 0 0 7 0 0 0 0 0
252 4 0 0 0 0 0 0 0 0
256 12 0 0 6 0 0 0 0 0
270 15 1 1 5 0 0 0 0 0
273 6 0 0 4 0 0 0 0 0
276 112 0 0 28 1 1 0 0 0
279 84 0 0 28 1 1 0 0 0
283 26 0 0 0 0 0 0 0 0
287 10 0 0 0 0 0 0 0 0
292 4 0 0 0 0 0 4 0 0
293 16 0 0 0 0 0 4 0 0
294 8 0 0 0 0 0 0 0 0
302 4 1 1 0 0 0 4 0 0
305 12 0 0 8 0 0 4 0 0
307 12 0 0 4 0 0 0 0 0
310 12 0 0 9 0 0 0 0 0
314 9 0 0 3 0 0 0 0 0
317 21 0 0 7 0 0 0 0 0
319 21 1 1 0 0 0 0 0 0
321 35 0 0 7 0 0 7 0 0
322 21 0 0 0 0 0 7 5 5
323 21 0 0 7 0 0 7 0 0
324 21 0 0 7 0 0 7 1 1
327 21 0 0 7 0 0 0 0 0
332 4 0 0 0 0 0 0 0 0
335 9 1 1 3 0 0 0 0 0
345 12 0 0 4 0 0 0 0 0
348 8 0 0 6 0 0 0 0 0
352 28 0 0 28 0 0 0 0 0
354 56 0 0 28 0 0 0 0 0
358 26 0 0 26 0 0 0 0 0
359 130 0 0 26 0 0 26 8 8
360 78 0 0 26 0 0 26 0 0
361 26 0 0 0 0 0 26 2 2
364 84 0 0 28 0 0 0 0 0
368 26 0 0 0 0 0 0 0 0
373 9 1 1 0 0 0 0 0 0
374 40 1 1 35 0 0 0 0 0
fn=match_symbol
76 91 1 1 0 0 0 56 0 0
77 14 0 0 14 0 0 0 0 0
85 14 1 1 7 0 0 0 0 0
91 21 0 0 7 0 0 0 0 0
106 7 0 0 7 0 0 0 0 0
107 14 0 0 0 0 0 0 0 0
109 7 0 0 7 0 0 0 0 0
114 92 0 0 46 7 7 0 0 0
128 92 1 1 46 3 3 0 0 0
130 7 1 1 7 0 0 0 0 0
133 42 0 0 7 0 0 7 0 0
140 117 0 0 39 3 3 0 0 0
144 39 0 0 0 0 0 0 0 0
168 56 0 0 49 0 0 0 0 0
fl=/build/buildd/eglibc-2.19/elf/do-rel.h
fn=_dl_relocate_object
47 20 0 0 10 0 0 0 0 0
48 10 0 0 10 0 0 0 0 0
50 4 0 0 0 0 0 0 0 0
51 4 0 0 0 0 0 4 1 0
58 30 0 0 10 0 0 0 0 0
61 298 1 1 0 0 0 0 0 0
63 282 1 1 94 36 36 0 0 0
65 17 0 0 0 0 0 0 0 0
74 8 0 0 0 0 0 0 0 0
75 31 1 1 11 0 0 0 0 0
76 10 0 0 5 0 0 0 0 0
83 12 0 0 6 0 0 6 0 0
84 6 1 1 6 0 0 0 0 0
86 12 0 0 0 0 0 0 0 0
98 18 1 1 0 0 0 0 0 0
108 11 1 1 1 1 1 0 0 0
111 3602 0 0 0 0 0 0 0 0
112 2394 0 0 1197 0 0 0 0 0
118 18 0 0 6 5 0 0 0 0
121 10 0 0 5 3 0 5 1 0
124 335 0 0 107 0 0 0 0 0
127 412 0 0 103 28 25 0 0 0
136 309 0 0 206 42 39 0 0 0
137 590 0 0 103 0 0 103 1 0
138 192 0 0 103 1 0 0 0 0
139 206 1 1 103 0 0 0 0 0
143 8 0 0 0 0 0 0 0 0
160 23 2 2 5 0 0 4 0 0
162 20 1 1 5 2 2 0 0 0
170 25 0 0 5 0 0 5 0 0
171 10 0 0 10 0 0 0 0 0
174 5 0 0 2 0 0 0 0 0
fn=_dl_start
83 1 0 0 1 0 0 0 0 0
84 1 0 0 1 0 0 0 0 0
111 33 0 0 0 0 0 0 0 0
112 20 0 0 10 3 3 0 0 0
116 2 1 1 1 0 0 0 0 0
124 31 0 0 0 0 0 0 0 0
137 45 1 1 9 2 2 0 0 0
139 18 0 0 9 0 0 0 0 0
fl=/build/buildd/eglibc-2.19/elf/get-dynamic-info.h
fn=_dl_map_object_from_fd
38 6 0 0 0 0 0 0 0 0
42 3 0 0 0 0 0 0 0 0
44 213 0 0 71 19 19 0 0 0
46 136 0 0 0 0 0 0 0 0
51 63 1 1 0 0 0 0 0 0
52 107 0 0 0 0 0 65 18 18
53 12 0 0 0 0 0 0 0 0
55 3 0 0 0 0 0 0 0 0
56 15 1 1 0 0 0 0 0 0
58 3 0 0 0 0 0 0 0 0
59 15 1 1 0 0 0 0 0 0
60 3 0 0 0 0 0 0 0 0
61 12 0 0 0 0 0 3 0 0
62 68 0 0 0 0 0 0 0 0
69 6 0 0 0 0 0 0 0 0
89 10 0 0 4 0 0 0 0 0
90 12 1 1 6 0 0 0 0 0
91 12 0 0 6 0 0 0 0 0
92 12 0 0 6 0 0 0 0 0
94 12 0 0 6 0 0 0 0 0
99 12 1 1 6 0 0 0 0 0
100 11 0 0 5 1 1 0 0 0
101 12 0 0 6 0 0 0 0 0
107 9 0 0 3 0 0 0 0 0
112 6 1 1 3 0 0 0 0 0
119 6 0 0 3 0 0 0 0 0
120 9 0 0 6 0 0 0 0 0
136 9 0 0 3 0 0 0 0 0
141 2 0 0 1 0 0 1 0 0
143 2 0 0 0 0 0 0 0 0
145 2 0 0 0 0 0 0 0 0
147 2 0 0 0 0 0 0 0 0
150 9 1 1 3 0 0 0 0 0
152 2 0 0 1 0 0 1 0 0
160 2 0 0 1 0 0 0 0 0
161 2 1 1 0 0 0 0 0 0
165 2 0 0 0 0 0 0 0 0
168 6 0 0 3 0 0 0 0 0
fn=_dl_start
44 57 1 1 19 6 6 0 0 0
46 36 0 0 0 0 0 0 0 0
47 26 0 0 0 0 0 13 3 3
51 21 0 0 0 0 0 0 0 0
52 18 2 2 0 0 0 4 2 2
53 4 1 1 0 0 0 0 0 0
55 1 0 0 0 0 0 0 0 0
56 5 1 1 0 0 0 0 0 0
58 2 0 0 0 0 0 0 0 0
59 5 1 1 0 0 0 0 0 0
60 1 0 0 0 0 0 0 0 0
61 5 0 0 0 0 0 1 1 1
62 18 0 0 0 0 0 0 0 0
69 2 0 0 0 0 0 0 0 0
89 4 0 0 2 0 0 0 0 0
90 4 0 0 2 0 0 0 0 0
91 4 1 1 2 0 0 0 0 0
92 4 0 0 2 0 0 0 0 0
94 4 0 0 2 0 0 0 0 0
99 4 0 0 2 0 0 0 0 0
100 4 1 1 2 0 0 0 0 0
101 4 0 0 2 0 0 0 0 0
107 3 0 0 1 0 0 0 0 0
112 2 0 0 1 0 0 0 0 0
119 3 0 0 1 0 0 0 0 0
120 3 1 1 2 0 0 0 0 0
128 3 0 0 1 0 0 0 0 0
130 3 0 0 1 1 1 0 0 0
133 2 1 1 1 0 0 0 0 0
134 2 0 0 1 0 0 0 0 0
fn=dl_main
29 1 0 0 1 0 0 0 0 0
38 2 0 0 0 0 0 0 0 0
42 1 0 0 0 0 0 0 0 0
44 75 0 0 25 7 7 0 0 0
46 48 1 1 0 0 0 0 0 0
51 17 1 1 0 0 0 0 0 0
52 34 0 0 0 0 0 23 5 5
53 4 0 0 0 0 0 0 0 0
55 1 0 0 0 0 0 0 0 0
56 5 1 1 0 0 0 0 0 0
58 1 0 0 0 0 0 0 0 0
59 5 0 0 0 0 0 0 0 0
60 1 0 0 0 0 0 0 0 0
61 4 1 1 0 0 0 1 0 0
62 24 0 0 0 0 0 0 0 0
69 3 1 1 1 0 0 0 0 0
107 3 2 2 1 0 0 0 0 0
112 2 0 0 1 0 0 0 0 0
119 2 0 0 1 0 0 0 0 0
120 3 0 0 2 0 0 0 0 0
136 3 0 0 1 0 0 0 0 0
150 3 1 1 1 0 0 0 0 0
168 2 1 1 1 0 0 0 0 0
fl=/build/buildd/eglibc-2.19/elf/rtld.c
fn=_dl_initial_error_catch_tsd
798 12 0 0 6 0 0 0 0 0
fn=_dl_start
285 75 4 4 8 1 1 8 2 2
297 2 0 0 0 0 0 1 0 0
298 2 0 0 0 0 0 1 0 0
299 2 0 0 0 0 0 1 0 0
300 2 1 1 0 0 0 1 1 1
301 2 0 0 0 0 0 1 0 0
322 5 0 0 0 0 0 1 0 0
326 1 0 0 0 0 0 1 0 0
332 4 1 0 0 0 0 1 0 0
341 4 1 0 0 0 0 0 0 0
344 2 0 0 1 1 0 1 1 0
348 2 0 0 1 0 0 0 0 0
362 9 2 2 0 0 0 6 1 1
380 5 0 0 0 0 0 1 1 1
406 1 0 0 0 0 0 1 1 1
409 1 0 0 0 0 0 1 1 1
537 2 0 0 0 0 0 0 0 0
542 34 3 3 9 0 0 0 0 0
544 1 0 0 1 1 1 0 0 0
569 9 0 0 7 1 0 0 0 0
fn=dl_main
891 12 1 1 0 0 0 8 1 1
897 1 0 0 0 0 0 0 0 0
899 2 0 0 0 0 0 0 0 0
900 1 0 0 0 0 0 0 0 0
906 1 0 0 0 0 0 1 0 0
910 2 0 0 0 0 0 1 0 0
913 2 0 0 0 0 0 1 1 1
917 2 0 0 0 0 0 1 1 1
918 2 0 0 0 0 0 1 0 0
923 2 1 1 0 0 0 1 0 0
933 4 2 2 2 0 0 0 0 0
1132 8 1 1 0 0 0 1 0 0
1134 2 0 0 0 0 0 0 0 0
1135 1 0 0 0 0 0 1 1 1
1136 2 1 1 1 0 0 1 0 0
1137 3 0 0 2 0 0 1 0 0
1141 3 0 0 0 0 0 1 0 0
1142 2 0 0 1 0 0 0 0 0
1163 1 0 0 0 0 0 1 0 0
1164 1 0 0 0 0 0 1 0 0
1166 1 0 0 0 0 0 1 0 0
1168 1 1 1 1 0 0 0 0 0
1171 36 1 1 3 0 0 0 0 0
1172 71 1 1 9 5 5 0 0 0
1176 3 1 1 1 0 0 1 0 0
1177 1 0 0 0 0 0 0 0 0
1181 3 1 1 2 0 0 1 0 0
1182 1 0 0 0 0 0 0 0 0
1190 1 0 0 0 0 0 1 1 1
1191 2 1 1 2 1 1 0 0 0
1193 2 1 1 0 0 0 1 0 0
1200 3 0 0 1 0 0 0 0 0
1218 1 0 0 0 0 0 0 0 0
1226 4 0 0 2 0 0 0 0 0
1227 10 2 2 3 1 1 0 0 0
1228 4 0 0 2 0 0 0 0 0
1229 1 0 0 0 0 0 1 0 0
1232 4 0 0 2 1 1 0 0 0
1233 4 0 0 2 0 0 0 0 0
1234 2 0 0 0 0 0 2 0 0
1235 6 0 0 3 0 0 0 0 0
1236 2 0 0 0 0 0 1 0 0
1263 2 1 1 1 0 0 1 1 1
1264 1 0 0 0 0 0 0 0 0
1267 2 0 0 1 0 0 1 0 0
1268 2 0 0 1 0 0 1 0 0
1269 1 0 0 0 0 0 0 0 0
1274 3 0 0 1 1 1 0 0 0
1277 2 0 0 0 0 0 0 0 0
1279 2 0 0 0 0 0 0 0 0
1281 2 1 1 1 0 0 0 0 0
1294 3 0 0 1 0 0 0 0 0
1295 11 1 1 6 0 0 2 0 0
1300 1 0 0 0 0 0 1 0 0
1302 1 0 0 0 0 0 1 1 1
1303 1 0 0 0 0 0 1 0 0
1305 2 0 0 1 0 0 0 0 0
1306 2 1 1 0 0 0 1 0 0
1310 2 0 0 1 0 0 0 0 0
1312 2 0 0 0 0 0 0 0 0
1317 2 0 0 0 0 0 1 0 0
1320 4 1 1 0 0 0 1 0 0
1336 3 2 2 0 0 0 1 0 0
1342 9 1 1 1 0 0 2 0 0
1347 2 1 1 1 0 0 1 0 0
1350 4 1 1 1 0 0 2 0 0
1352 1 0 0 0 0 0 1 0 0
1357 2 0 0 1 0 0 0 0 0
1360 3 0 0 2 0 0 1 0 0
1361 4 1 1 1 0 0 1 0 0
1362 2 0 0 0 0 0 1 0 0
1363 1 0 0 0 0 0 1 0 0
1364 1 0 0 1 0 0 0 0 0
1365 1 0 0 1 0 0 0 0 0
1370 2 0 0 1 0 0 0 0 0
1371 5 0 0 1 0 0 1 0 0
1375 1 1 1 1 0 0 0 0 0
1377 4 0 0 1 0 0 0 0 0
1378 2 0 0 0 0 0 1 0 0
1379 4 0 0 1 1 1 1 0 0
1384 2 0 0 0 0 0 0 0 0
1385 6 1 1 1 1 1 0 0 0
1387 2 0 0 1 0 0 1 1 1
1388 2 0 0 1 0 0 1 0 0
1393 2 0 0 1 1 1 0 0 0
1398 3 1 1 1 0 0 0 0 0
1579 3 0 0 1 0 0 0 0 0
1582 2 0 0 1 0 0 1 0 0
1586 3 0 0 1 0 0 0 0 0
1591 2 1 1 1 0 0 1 0 0
1592 1 0 0 0 0 0 1 0 0
1597 3 0 0 1 0 0 0 0 0
1612 3 0 0 2 0 0 0 0 0
1614 1 0 0 0 0 0 0 0 0
1616 3 1 1 1 0 0 0 0 0
1623 11 2 2 0 0 0 3 0 0
1626 6 0 0 0 0 0 0 0 0
1629 12 1 1 0 0 0 2 0 0
1630 2 0 0 1 0 0 0 0 0
1631 3 0 0 1 0 0 0 0 0
1633 6 0 0 0 0 0 1 0 0
1635 4 0 0 0 0 0 0 0 0
1636 2 0 0 1 0 0 0 0 0
1637 3 0 0 0 0 0 1 0 0
1647 5 0 0 0 0 0 1 0 0
1724 4 0 0 2 0 0 0 0 0
1728 8 2 2 0 0 0 0 0 0
1729 1 0 0 0 0 0 0 0 0
1732 2 0 0 0 0 0 1 0 0
1733 1 0 0 1 0 0 0 0 0
1734 2 0 0 0 0 0 0 0 0
1735 2 0 0 0 0 0 0 0 0
1741 5 1 1 0 0 0 0 0 0
1742 8 0 0 0 0 0 1 0 0
1743 4 0 0 0 0 0 0 0 0
1745 2 0 0 1 0 0 0 0 0
1748 15 1 1 2 0 0 0 0 0
1749 20 0 0 10 0 0 0 0 0
1752 3 0 0 2 0 0 1 0 0
1753 3 0 0 1 0 0 0 0 0
1754 1 0 0 0 0 0 1 0 0
1756 16 1 1 0 0 0 0 0 0
1757 11 0 0 5 0 0 0 0 0
1767 2 1 1 0 0 0 1 0 0
1769 2 1 1 1 0 0 1 0 0
1770 2 1 1 1 0 0 0 0 0
1772 3 0 0 0 0 0 1 0 0
1774 3 0 0 0 0 0 0 0 0
1776 3 0 0 1 0 0 0 0 0
1777 1 0 0 1 0 0 0 0 0
1788 3 1 1 0 0 0 0 0 0
1790 2 1 1 0 0 0 0 0 0
1791 2 0 0 0 0 0 1 0 0
1792 3 0 0 1 0 0 0 0 0
1803 4 0 0 0 0 0 1 0 0
1804 1 0 0 0 0 0 1 0 0
1805 5 1 1 0 0 0 1 0 0
1815 2 0 0 1 0 0 1 0 0
1816 2 0 0 1 0 0 0 0 0
1817 2 1 1 0 0 0 2 0 0
1819 2 0 0 1 0 0 0 0 0
1822 1 0 0 0 0 0 1 0 0
1824 2 0 0 1 0 0 0 0 0
2054 3 0 0 1 0 0 0 0 0
2110 2 2 2 0 0 0 1 0 0
2114 4 0 0 2 0 0 2 0 0
2118 2 0 0 1 0 0 1 0 0
2121 2 0 0 0 0 0 0 0 0
2129 2 0 0 0 0 0 0 0 0
2140 1 1 1 1 0 0 0 0 0
2175 3 1 1 1 0 0 0 0 0
2182 1 0 0 1 0 0 0 0 0
2184 11 1 1 1 0 0 1 0 0
2186 15 1 1 1 1 0 0 0 0
2188 15 0 0 10 1 0 0 0 0
2193 10 0 0 10 0 0 0 0 0
2195 12 1 1 0 0 0 0 0 0
2197 1 1 1 0 0 0 1 0 0
2198 1 0 0 1 0 0 0 0 0
2201 5 0 0 5 0 0 0 0 0
2203 15 0 0 0 0 0 0 0 0
2204 32 0 0 8 3 0 4 0 0
2208 17 0 0 6 1 0 0 0 0
2209 3 0 0 0 0 0 1 0 0
2211 4 0 0 0 0 0 0 0 0
2213 2 0 0 0 0 0 1 0 0
2219 2 0 0 1 0 0 0 0 0
2224 4 1 1 2 0 0 0 0 0
2225 1 0 0 1 0 0 0 0 0
2230 2 1 1 1 0 0 1 0 0
2234 2 0 0 1 0 0 0 0 0
2248 3 0 0 2 1 0 0 0 0
2250 4 2 2 1 0 0 0 0 0
2265 5 1 1 0 0 0 0 0 0
2267 1 0 0 1 0 0 0 0 0
2268 5 0 0 1 0 0 1 0 0
2269 4 0 0 0 0 0 0 0 0
2271 3 0 0 1 0 0 0 0 0
2279 1 0 0 0 0 0 1 0 0
2283 3 0 0 1 0 0 0 0 0
2303 3 0 0 0 0 0 1 0 0
2304 1 0 0 0 0 0 1 0 0
2305 1 0 0 0 0 0 1 0 0
2310 1 0 0 0 0 0 1 0 0
2315 8 0 0 7 2 0 0 0 0
2485 2 0 0 1 0 0 1 1 1
2487 1 0 0 0 0 0 0 0 0
2488 1 0 0 0 0 0 0 0 0
2492 13 2 2 1 0 0 4 0 0
2494 15 0 0 3 0 0 3 1 1
2498 105 1 1 21 0 0 0 0 0
2499 19 0 0 0 0 0 0 0 0
2501 4 0 0 0 0 0 0 0 0
2507 16 0 0 2 0 0 0 0 0
2530 6 1 1 0 0 0 1 0 0
2537 6 1 1 0 0 0 1 0 0
2539 3 1 1 0 0 0 1 0 0
2583 6 1 1 0 0 0 1 0 0
2585 3 1 1 0 0 0 1 0 0
2660 3 1 1 1 0 0 0 0 0
2693 3 0 0 1 0 0 0 0 0
fn=do_preload
804 6 0 0 0 0 0 3 0 0
806 1 0 0 0 0 0 1 0 0
810 1 0 0 0 0 0 1 0 0
811 1 1 1 0 0 0 1 0 0
812 1 0 0 0 0 0 1 0 0
814 1 0 0 1 0 0 0 0 0
816 6 0 0 0 0 0 1 0 0
817 3 0 0 1 0 0 0 0 0
825 3 1 1 1 0 0 0 0 0
831 5 0 0 4 0 0 0 0 0
fn=init_tls
717 1 0 0 0 0 0 1 0 0
719 2 0 0 1 0 0 1 0 0
723 2 0 0 1 0 0 0 0 0
724 1 1 1 0 0 0 0 0 0
729 2 0 0 0 0 0 1 0 0
732 1 0 0 0 0 0 1 0 0
733 4 0 0 0 0 0 1 0 0
738 1 0 0 0 0 0 0 0 0
740 1 0 0 0 0 0 1 0 0
744 2 1 1 1 1 1 0 0 0
745 1 0 0 0 0 0 0 0 0
746 13 1 1 1 0 0 0 0 0
747 10 0 0 5 0 0 0 0 0
748 10 0 0 5 0 0 0 0 0
752 3 0 0 0 0 0 1 0 0
754 1 0 0 0 0 0 0 0 0
756 3 0 0 0 0 0 0 0 0
759 1 1 1 0 0 0 1 0 0
766 2 0 0 0 0 0 1 0 0
767 2 0 0 0 0 0 0 0 0
773 2 1 1 1 0 0 1 0 0
781 7 0 0 0 0 0 2 0 0
785 1 1 1 0 0 0 1 0 0
787 1 0 0 0 0 0 0 0 0
788 2 0 0 2 0 0 0 0 0
fn=map_doit
625 2 1 1 0 0 0 1 0 0
627 8 1 1 3 0 0 2 0 0
629 2 0 0 2 0 0 0 0 0
fn=rtld_lock_default_lock_recursive
838 12 1 1 12 2 1 0 0 0
fn=rtld_lock_default_unlock_recursive
844 12 1 1 12 1 0 0 0 0
fn=security_init
851 2 0 0 0 0 0 1 0 0
853 1 0 0 1 0 0 0 0 0
855 1 0 0 0 0 0 1 0 0
861 2 0 0 1 0 0 0 0 0
863 1 0 0 1 0 0 0 0 0
866 1 1 1 0 0 0 1 0 0
868 1 0 0 0 0 0 1 0 0
874 1 0 0 0 0 0 1 0 0
875 3 0 0 2 0 0 0 0 0
fn=version_check_doit
657 2 1 1 0 0 0 1 0 0
659 6 0 0 2 0 0 1 0 0
663 2 0 0 2 0 0 0 0 0
fl=/build/buildd/eglibc-2.19/elf/setup-vdso.h
fn=dl_main
24 2 0 0 1 0 0 0 0 0
fl=/build/buildd/eglibc-2.19/io/../sysdeps/unix/syscall-template.S
fn=__write_nocancel
81 5 0 0 1 0 0 0 0 0
fn=access
81 12 1 1 0 0 0 0 0 0
83 15 1 1 3 0 0 3 1 1
fn=close
81 16 1 1 0 0 0 0 0 0
82 4 0 0 4 0 0 0 0 0
fn=open
81 32 1 1 0 0 0 0 0 0
82 4 0 0 4 0 0 0 0 0
83 20 0 0 4 0 0 4 0 0
fn=read
81 12 0 0 0 0 0 0 0 0
82 3 0 0 3 0 0 0 0 0
fn=write
81 2 1 1 1 0 0 0 0 0
fl=/build/buildd/eglibc-2.19/io/../sysdeps/unix/sysv/linux/wordsize-64/fxstat.c
fn=_fxstat
33 5 0 0 0 0 0 0 0 0
34 10 2 2 0 0 0 0 0 0
35 30 0 0 0 0 0 0 0 0
39 5 0 0 5 0 0 0 0 0
fl=/build/buildd/eglibc-2.19/io/../sysdeps/unix/sysv/linux/wordsize-64/xstat.c
fn=_xstat
33 4 0 0 0 0 0 0 0 0
34 8 1 1 0 0 0 0 0 0
35 36 0 0 3 0 0 3 0 0
39 1 0 0 1 0 0 0 0 0
fl=/build/buildd/eglibc-2.19/libio/filedoalloc.c
fn=_IO_file_doallocate
96 5 1 1 0 0 0 3 0 0
111 8 1 1 3 1 0 1 0 0
113 4 0 0 1 0 0 0 0 0
124 6 1 1 1 0 0 0 0 0
128 8 0 0 0 0 0 1 0 0
129 5 1 1 0 0 0 1 0 0
130 1 0 0 0 0 0 0 0 0
131 5 0 0 4 0 0 0 0 0
fl=/build/buildd/eglibc-2.19/libio/fileops.c
fn=_IO_do_write@@GLIBC_2.2.5
509 12 2 1 0 0 0 8 0 0
511 10 0 0 0 0 0 0 0 0
512 12 0 0 10 0 0 0 0 0
523 4 1 1 1 0 0 0 0 0
530 4 0 0 2 0 0 0 0 0
538 6 1 1 2 0 0 1 0 0
539 3 0 0 1 0 0 0 0 0
541 4 1 1 1 0 0 3 0 0
542 2 0 0 0 0 0 2 0 0
543 1 0 0 0 0 0 1 0 0
544 3 1 1 1 0 0 0 0 0
545 4 0 0 2 0 0 0 0 0
fn=_IO_file_overflow@@GLIBC_2.2.5
824 8 2 1 0 0 0 6 0 0
825 6 0 0 2 0 0 0 0 0
832 10 0 0 2 0 0 0 0 0
835 2 1 1 1 0 0 0 0 0
837 2 1 1 0 0 0 1 0 0
838 6 0 0 2 0 0 3 0 0
847 2 1 1 0 0 0 0 0 0
856 4 0 0 2 0 0 0 0 0
858 1 0 0 0 0 0 1 0 0
859 2 0 0 0 0 0 1 0 0
860 1 0 0 0 0 0 1 0 0
861 2 0 0 0 0 0 2 0 0
863 3 1 1 0 0 0 1 0 0
864 5 0 0 1 0 0 0 0 0
867 4 0 0 0 0 0 0 0 0
868 4 1 1 0 0 0 0 0 0
869 2 0 0 0 0 0 0 0 0
880 6 0 0 6 0 0 0 0 0
fn=_IO_file_setbuf@@GLIBC_2.2.5
461 2 1 1 0 0 0 1 0 0
462 3 0 0 0 0 0 1 0 0
465 2 0 0 0 0 0 2 0 0
466 2 0 0 1 0 0 1 0 0
467 3 0 0 0 0 0 3 0 0
469 1 0 0 0 0 0 0 0 0
470 2 0 0 2 0 0 0 0 0
fn=_IO_file_stat
1222 1 1 1 0 0 0 0 0 0
1223 3 0 0 1 0 0 0 0 0
fn=_IO_file_sync@@GLIBC_2.2.5
886 2 1 1 0 0 0 1 0 0
891 4 0 0 2 0 0 0 0 0
893 1 1 1 1 0 0 0 0 0
894 2 0 0 1 0 0 0 0 0
911 2 0 0 0 0 0 1 0 0
915 2 0 0 2 0 0 0 0 0
fn=_IO_file_write@@GLIBC_2.2.5
1254 7 1 1 0 0 0 4 0 0
1256 7 0 0 0 0 0 0 0 0
1260 3 0 0 1 0 0 0 0 0
1261 3 1 1 1 0 0 1 0 0
1262 2 0 0 0 0 0 0 0 0
1267 1 0 0 0 0 0 0 0 0
1268 1 0 0 0 0 0 0 0 0
1271 3 0 0 1 0 0 0 0 0
1274 9 1 1 5 0 0 0 0 0
fn=_IO_file_xsputn@@GLIBC_2.2.5
1281 8688 2 2 0 0 0 6516 4 0
1287 2172 0 0 0 0 0 0 0 0
1288 1086 0 0 0 0 0 0 0 0
1294 4920 0 0 820 0 0 0 0 0
1311 3282 1 1 1640 0 0 0 0 0
1312 1638 0 0 0 0 0 0 0 0
1315 3276 0 0 0 0 0 0 0 0
1320 4095 0 0 0 0 0 1638 0 0
1325 819 0 0 0 0 0 0 0 0
1326 2457 0 0 0 0 0 0 0 0
1328 2460 0 0 0 0 0 0 0 0
1332 6 0 0 2 1 0 1 0 0
1338 2 0 0 2 0 0 0 0 0
1339 6 1 1 0 0 0 0 0 0
1341 3 0 0 0 0 0 0 0 0
1352 2 0 0 0 0 0 0 0 0
1353 6 0 0 0 0 0 1 0 0
1355 1640 1 1 0 0 0 0 0 0
1356 8688 0 0 7602 0 0 0 0 0
fl=/build/buildd/eglibc-2.19/libio/genops.c
fn=_IO_cleanup
950 13 2 2 4 0 0 0 0 0
952 9 0 0 3 0 0 0 0 0
953 4 0 0 0 0 0 0 0 0
954 2 0 0 0 0 0 0 0 0
956 4 0 0 1 0 0 0 0 0
962 17 1 1 7 0 0 2 0 0
970 5 0 0 2 0 0 0 0 0
972 2 0 0 0 0 0 1 0 0
974 2 0 0 1 0 0 1 0 0
975 1 1 1 0 0 0 1 0 0
976 2 0 0 1 0 0 1 0 0
977 4 0 0 1 0 0 1 0 0
980 5 0 0 2 0 0 1 0 0
983 5 0 0 1 0 0 0 0 0
984 8 1 1 3 0 0 1 0 0
990 3 1 1 0 0 0 3 0 0
1010 5 1 1 0 0 0 4 0 0
1013 3 0 0 0 0 0 1 0 0
1025 7 0 0 5 0 0 0 0 0
fn=_IO_default_setbuf
400 5 0 0 1 0 0 0 0 0
402 1 0 0 0 0 0 1 0 0
403 1 0 0 0 0 0 1 0 0
407 2 1 1 0 0 0 1 0 0
557 6 1 1 0 0 0 3 0 0
558 4 1 1 2 0 0 1 0 0
560 2 0 0 0 0 0 0 0 0
562 2 0 0 0 0 0 1 0 0
563 2 0 0 0 0 0 0 0 0
567 2 0 0 1 0 0 0 0 0
570 3 0 0 0 0 0 3 0 0
571 3 0 0 0 0 0 3 0 0
572 1 0 0 0 0 0 0 0 0
573 4 1 1 4 0 0 0 0 0
fn=_IO_default_xsputn
447 6 1 1 0 0 0 5 0 0
450 6 0 0 0 0 0 0 0 0
451 1 0 0 0 0 0 0 0 0
455 4 1 1 2 0 0 0 0 0
457 3 0 0 0 0 0 0 0 0
460 2 0 0 0 0 0 0 0 0
470 12 1 1 0 0 0 0 0 0
474 5 1 1 0 0 0 0 0 0
475 6 1 1 1 0 0 2 1 0
478 1 0 0 0 0 0 0 0 0
480 2 0 0 0 0 0 0 0 0
484 2 0 0 0 0 0 0 0 0
485 6 0 0 6 0 0 0 0 0
fn=_IO_doallocbuf
414 4 1 1 0 0 0 3 0 0
415 2 0 0 1 0 0 0 0 0
417 3 1 1 1 0 0 0 0 0
418 5 0 0 2 1 0 1 0 0
421 4 0 0 4 0 0 0 0 0
fn=_IO_flush_all_lockp
822 8 1 1 0 0 0 6 0 0
823 1 0 0 0 0 0 0 0 0
828 3 0 0 0 0 0 0 0 0
833 1 0 0 1 1 1 0 0 0
834 1 1 1 1 1 0 0 0 0
835 8 0 0 0 0 0 0 0 0
837 3 0 0 0 0 0 3 0 0
838 6 1 1 0 0 0 0 0 0
839 2 0 0 1 0 0 0 0 0
841 20 2 2 9 4 2 0 0 0
848 4 0 0 2 0 0 1 0 0
849 3 0 0 0 0 0 0 0 0
851 6 1 1 0 0 0 0 0 0
853 3 1 1 0 0 0 3 0 0
855 9 1 1 3 0 0 0 0 0
862 3 0 0 3 2 1 0 0 0
866 2 0 0 0 0 0 0 0 0
868 2 0 0 0 0 0 0 0 0
872 9 0 0 7 0 0 0 0 0
fn=_IO_setb
399 5 1 1 0 0 0 2 0 0
400 4 0 0 2 0 0 0 0 0
402 1 0 0 0 0 0 1 0 0
403 1 0 0 0 0 0 1 0 0
405 6 0 0 0 0 0 1 0 0
408 4 0 0 3 0 0 0 0 0
fl=/build/buildd/eglibc-2.19/libio/iofwrite.c
fn=fwrite
35 2002 1 1 0 0 0 1144 0 0
36 572 0 0 0 0 0 0 0 0
39 572 0 0 0 0 0 0 0 0
41 5148 2 2 2574 3 2 286 0 0
42 1429 1 1 286 1 0 1 0 0
43 2574 0 0 572 1 0 286 0 0
49 572 0 0 0 0 0 0 0 0
50 286 0 0 0 0 0 0 0 0
53 1716 0 0 1430 0 0 0 0 0
fl=/build/buildd/eglibc-2.19/libio/iopadn.c
fn=_IO_padn
40 336 4 2 0 0 0 224 0 0
44 56 0 0 0 0 0 0 0 0
47 112 0 0 0 0 0 0 0 0
48 56 0 0 0 0 0 0 0 0
49 112 0 0 0 0 0 0 0 0
50 56 0 0 0 0 0 0 0 0
57 224 0 0 0 0 0 0 0 0
65 112 1 1 0 0 0 0 0 0
67 280 1 1 112 0 0 56 0 0
68 56 0 0 0 0 0 0 0 0
71 392 0 0 280 0 0 0 0 0
fl=/build/buildd/eglibc-2.19/libio/ioputs.c
fn=puts
34 16 3 1 0 0 0 12 0 0
36 8 0 0 0 0 0 4 0 0
37 76 4 2 44 1 0 4 0 0
39 8 1 1 0 0 0 0 0 0
40 12 0 0 4 0 0 0 0 0
41 24 1 1 8 0 0 4 0 0
42 28 0 0 12 0 0 8 0 0
43 16 1 1 0 0 0 0 0 0
47 20 0 0 16 0 0 0 0 0
fl=/build/buildd/eglibc-2.19/libio/libioP.h
fn=fwrite
904 572 0 0 286 0 0 0 0 0
905 2574 2 2 1144 0 0 286 0 0
fn=puts
904 8 0 0 4 0 0 0 0 0
905 32 0 0 16 0 0 4 0 0
fl=/build/buildd/eglibc-2.19/malloc/arena.c
fn=malloc_hook_ini
373 3 1 1 1 1 1 0 0 0
fn=ptmalloc_init.part.7
334 174 0 0 58 8 0 0 0 0
336 114 0 0 57 27 0 0 0 0
337 2 0 0 1 0 0 0 0 0
338 2 0 0 1 0 0 0 0 0
352 57 0 0 0 0 0 0 0 0
371 6 1 1 0 0 0 5 0 0
376 1 0 0 0 0 0 1 0 0
384 2 0 0 1 0 0 0 0 0
385 7 2 2 0 0 0 1 0 0
386 4 0 0 2 0 0 0 0 0
391 3 1 1 1 1 0 1 1 0
392 12 1 1 1 1 0 6 2 2
394 5 0 0 2 1 0 0 0 0
410 2 1 1 0 0 0 0 0 0
455 2 0 0 0 0 0 0 0 0
461 2 0 0 2 1 1 0 0 0
462 2 0 0 0 0 0 0 0 0
464 1 0 0 0 0 0 1 1 0
465 7 0 0 6 1 0 0 0 0
fl=/build/buildd/eglibc-2.19/malloc/hooks.c
fn=malloc_hook_ini
29 4 0 0 1 0 0 2 0 0
30 2 1 1 1 0 0 1 0 0
32 1 0 0 0 0 0 0 0 0
33 1 0 0 0 0 0 0 0 0
fl=/build/buildd/eglibc-2.19/malloc/malloc.c
fn=_int_free
1869 18 0 0 6 0 0 0 0 0
3814 54 1 1 0 0 0 42 0 0
3827 18 0 0 6 0 0 0 0 0
3833 24 1 1 0 0 0 0 0 0
3834 12 0 0 0 0 0 0 0 0
3845 24 0 0 0 0 0 0 0 0
3858 18 0 0 6 0 0 0 0 0
3869 24 1 1 6 0 0 0 0 0
3870 18 0 0 6 0 0 0 0 0
3894 6 0 0 0 0 0 0 0 0
3896 18 1 1 12 0 0 0 0 0
3897 12 0 0 0 0 0 0 0 0
3898 12 0 0 0 0 0 0 0 0
3901 6 0 0 6 0 0 0 0 0
3902 24 0 0 0 0 0 0 0 0
3907 18 0 0 6 0 0 0 0 0
3916 12 2 1 0 0 0 0 0 0
3918 6 0 0 0 0 0 6 0 0
3920 36 0 0 12 0 0 0 0 0
3922 12 0 0 0 0 0 0 0 0
4087 48 1 1 42 0 0 0 0 0
fn=_int_malloc
1862 18 3 0 6 1 1 0 0 0
2271 5 0 0 2 2 0 2 0 0
2272 2 1 1 0 0 0 0 0 0
2282 2 0 0 1 1 1 0 0 0
2360 1 0 0 0 0 0 0 0 0
2369 4 2 2 0 0 0 0 0 0
2378 3 1 1 0 0 0 0 0 0
2433 2 1 1 1 0 0 0 0 0
2442 5 0 0 1 0 0 0 0 0
2452 9 1 1 1 0 0 2 0 0
2460 2 0 0 0 0 0 0 0 0
2462 6 0 0 3 1 0 2 0 0
2466 5 0 0 2 0 0 0 0 0
2469 2 1 1 2 0 0 0 0 0
2470 2 0 0 0 0 0 0 0 0
2489 1 0 0 0 0 0 0 0 0
2516 2 0 0 1 1 1 0 0 0
2517 1 0 0 0 0 0 1 0 0
2518 3 0 0 1 0 0 1 0 0
2524 2 1 1 0 0 0 0 0 0
2527 8 3 3 1 0 0 0 0 0
2569 6 2 2 0 0 0 0 0 0
2588 1 0 0 0 0 0 0 0 0
2591 2 0 0 0 0 0 0 0 0
2592 7 1 1 2 0 0 0 0 0
2594 2 0 0 0 0 0 0 0 0
2595 4 0 0 2 0 0 2 0 0
2607 3 0 0 1 0 0 0 0 0
2615 2 1 1 2 0 0 0 0 0
2616 3 0 0 1 0 0 0 0 0
2654 1 0 0 0 0 0 1 0 0
2655 5 0 0 0 0 0 1 1 1
2656 2 0 0 0 0 0 1 0 0
2667 2 1 1 0 0 0 0 0 0
2700 2 1 1 1 0 0 0 0 0
2701 1 1 1 0 0 0 1 0 0
2706 2 0 0 1 0 0 0 0 0
2709 2 0 0 1 0 0 0 0 0
2711 1 0 0 0 0 0 0 0 0
2712 1 0 0 0 0 0 0 0 0
2713 1 0 0 0 0 0 1 0 0
2714 8 0 0 0 0 0 1 0 0
2715 2 0 0 0 0 0 1 0 0
2717 1 0 0 0 0 0 0 0 0
3302 48 1 1 0 0 0 42 1 0
3332 60 0 0 0 0 0 0 0 0
3340 12 1 1 6 1 1 0 0 0
3342 15 0 0 0 0 0 0 0 0
3343 15 0 0 0 0 0 0 0 0
3344 5 0 0 5 0 0 0 0 0
3348 10 0 0 0 0 0 0 0 0
3351 18 0 0 9 0 0 0 0 0
3352 9 2 0 0 0 0 0 0 0
3355 15 1 1 3 0 0 0 0 0
3377 6 2 2 0 0 0 0 0 0
3379 6 0 0 0 0 0 0 0 0
3380 6 0 0 0 0 0 0 0 0
3382 9 0 0 3 1 1 0 0 0
3384 2 0 0 0 0 0 0 0 0
3423 4 1 1 1 0 0 2 0 0
3442 15 1 1 3 0 0 0 0 0
3576 6 1 1 0 0 0 0 0 0
3649 3 0 0 0 0 0 0 0 0
3650 6 0 0 0 0 0 0 0 0
3651 6 0 0 0 0 0 0 0 0
3652 6 0 0 3 0 0 0 0 0
3653 6 0 0 0 0 0 0 0 0
3658 18 1 1 0 0 0 0 0 0
3662 33 1 1 0 0 0 0 0 0
3665 36 0 0 9 1 0 0 0 0
3743 3 0 0 0 0 0 0 0 0
3765 3 0 0 3 0 0 0 0 0
3766 9 0 0 3 0 0 0 0 0
3768 9 1 1 0 0 0 0 0 0
3770 2 0 0 0 0 0 0 0 0
3771 2 0 0 0 0 0 0 0 0
3772 2 0 0 0 0 0 2 0 0
3773 16 2 2 0 0 0 2 0 0
3775 4 0 0 0 0 0 2 2 2
3778 2 0 0 0 0 0 0 0 0
3785 2 0 0 1 0 0 0 0 0
3790 12 0 0 0 0 0 3 0 0
3792 75 1 1 0 0 0 30 0 0
3801 2 0 0 0 0 0 0 0 0
3806 54 1 1 42 0 0 0 0 0
4990 12 0 0 0 0 0 6 0 0
4992 9 2 2 3 0 0 3 0 0
5000 1 1 1 0 0 0 1 0 0
fn=free
2917 12 1 1 12 0 0 0 0 0
2918 12 3 1 0 0 0 0 0 0
2924 12 0 0 0 0 0 0 0 0
2927 6 0 0 0 0 0 0 0 0
2929 18 0 0 6 0 0 0 0 0
2945 18 0 0 0 0 0 0 0 0
2946 12 0 0 0 0 0 0 0 0
fn=malloc
2876 28 3 1 0 0 0 14 0 0
2881 14 0 0 14 3 0 0 0 0
2882 14 0 0 0 0 0 0 0 0
2883 2 1 1 1 0 0 0 0 0
2885 12 0 0 12 0 0 0 0 0
2887 48 3 1 12 1 0 0 0 0
2891 24 0 0 0 0 0 6 0 0
2892 12 0 0 0 0 0 0 0 0
2903 24 3 1 12 0 0 0 0 0
2904 48 0 0 6 0 0 0 0 0
2907 33 1 1 21 0 0 0 0 0
fn=malloc_consolidate
1785 381 0 0 0 0 0 0 0 0
1788 381 0 0 0 0 0 254 31 31
1792 3 1 1 0 0 0 0 0 0
1796 3 1 1 1 0 0 1 0 0
1797 2 0 0 0 0 0 1 0 0
1799 1 0 0 0 0 0 1 1 1
4104 8 1 1 0 0 0 6 1 0
4126 5 0 0 1 0 0 0 0 0
4199 8 0 0 7 0 0 0 0 0
4996 1 1 1 0 0 0 0 0 0
fl=/build/buildd/eglibc-2.19/malloc/morecore.c
fn=__default_morecore
46 2 1 1 0 0 0 0 0 0
47 2 0 0 0 0 0 2 0 0
49 6 0 0 0 0 0 0 0 0
52 6 0 0 2 0 0 0 0 0
fl=/build/buildd/eglibc-2.19/math/../sysdeps/ieee754/dbl-64/wordsize-64/s_isinf.c
fn=isinf
19 8 0 0 0 0 0 0 0 0
20 16 1 1 0 0 0 0 0 0
21 16 0 0 0 0 0 0 0 0
22 24 0 0 0 0 0 0 0 0
23 32 0 0 0 0 0 0 0 0
24 8 0 0 8 0 0 0 0 0
fl=/build/buildd/eglibc-2.19/math/../sysdeps/ieee754/dbl-64/wordsize-64/s_isnan.c
fn=isnan
26 10 0 0 0 0 0 0 0 0
27 20 2 2 0 0 0 0 0 0
28 20 0 0 0 0 0 0 0 0
29 10 0 0 0 0 0 0 0 0
30 10 0 0 10 0 0 0 0 0
fl=/build/buildd/eglibc-2.19/misc/../sysdeps/unix/syscall-template.S
fn=mmap
81 60 2 2 0 0 0 0 0 0
82 12 0 0 12 0 0 0 0 0
fn=mprotect
81 32 1 1 0 0 0 0 0 0
82 8 0 0 8 0 0 0 0 0
fn=munmap
81 4 0 0 0 0 0 0 0 0
82 1 0 0 1 0 0 0 0 0
fl=/build/buildd/eglibc-2.19/misc/../sysdeps/unix/sysv/linux/x86_64/brk.c
fn=brk
28 2 0 0 0 0 0 0 0 0
31 16 1 1 2 0 0 2 0 0
33 4 0 0 0 0 0 0 0 0
39 2 0 0 0 0 0 0 0 0
40 2 0 0 2 0 0 0 0 0
fl=/build/buildd/eglibc-2.19/misc/init-misc.c
fn=__init_misc
30 4 1 1 0 0 0 2 0 0
31 5 0 0 1 0 0 0 0 0
33 3 0 0 0 0 0 1 0 0
37 5 0 0 1 1 0 1 1 0
38 3 1 1 2 0 0 1 0 0
40 4 0 0 3 0 0 0 0 0
fl=/build/buildd/eglibc-2.19/misc/sbrk.c
fn=sbrk
34 8 1 1 0 0 0 6 0 0
42 11 0 0 5 3 1 0 0 0
43 6 1 1 1 0 0 1 0 0
46 4 0 0 0 0 0 0 0 0
50 4 0 0 0 0 0 0 0 0
53 3 0 0 0 0 0 1 0 0
57 10 0 0 8 0 0 0 0 0
fl=/build/buildd/eglibc-2.19/nptl/../nptl/sysdeps/unix/sysv/linux/register-atfork.c
fn=__linkin_atfork
116 2 1 1 1 1 1 1 0 0
117 6 1 1 2 1 0 0 0 0
119 1 0 0 1 0 0 0 0 0
fl=/build/buildd/eglibc-2.19/nptl/../nptl/sysdeps/unix/sysv/linux/unregister-atfork.c
fn=__unregister_atfork
28 4 0 0 0 0 0 2 0 0
36 2 1 1 2 1 0 0 0 0
39 8 1 1 0 0 0 0 0 0
40 6 0 0 2 0 0 0 0 0
45 2 0 0 2 1 0 0 0 0
121 4 0 0 4 0 0 0 0 0
fl=/build/buildd/eglibc-2.19/posix/../sysdeps/unix/syscall-template.S
fn=uname
81 4 1 1 0 0 0 0 0 0
82 1 0 0 1 0 0 0 0 0
fl=/build/buildd/eglibc-2.19/posix/../sysdeps/unix/sysv/linux/_exit.c
fn=_Exit
28 2 1 1 1 0 0 0 0 0
32 4 1 1 0 0 0 0 0 0
34 2 0 0 0 0 0 0 0 0
fl=/build/buildd/eglibc-2.19/setjmp/../sysdeps/x86_64/bsd-_setjmp.S
fn=_setjmp
30 1 1 1 0 0 0 0 0 0
32 1 0 0 0 0 0 0 0 0
fl=/build/buildd/eglibc-2.19/setjmp/../sysdeps/x86_64/setjmp.S
fn=__sigsetjmp
26 6 2 2 0 0 0 6 0 0
35 6 0 0 0 0 0 0 0 0
36 12 1 1 6 0 0 0 0 0
37 6 0 0 0 0 0 6 0 0
41 6 0 0 0 0 0 6 0 0
42 6 0 0 0 0 0 6 0 0
43 6 0 0 0 0 0 6 0 0
44 6 0 0 0 0 0 6 1 1
45 6 0 0 0 0 0 0 0 0
47 12 0 0 6 0 0 0 0 0
49 6 0 0 0 0 0 6 0 0
50 6 1 1 6 0 0 0 0 0
53 12 0 0 6 0 0 0 0 0
55 6 0 0 0 0 0 6 0 0
59 5 0 0 0 0 0 0 0 0
60 5 0 0 5 0 0 0 0 0
64 1 0 0 0 0 0 0 0 0
fl=/build/buildd/eglibc-2.19/setjmp/sigjmp.c
fn=__sigjmp_save
28 2 0 0 0 0 0 1 0 0
29 4 0 0 0 0 0 1 0 0
34 3 0 0 2 0 0 0 0 0
fl=/build/buildd/eglibc-2.19/stdio-common/../include/rounding-mode.h
fn=__printf_fp
52 12 1 1 0 0 0 0 0 0
fl=/build/buildd/eglibc-2.19/stdio-common/../nptl/sysdeps/pthread/allocalim.h
fn=__printf_fp
28 12 0 0 0 0 0 0 0 0
fl=/build/buildd/eglibc-2.19/stdio-common/../sysdeps/generic/get-rounding-mode.h
fn=__printf_fp
93 6 0 0 0 0 0 6 0 0
94 42 1 1 6 0 0 0 0 0
fl=/build/buildd/eglibc-2.19/stdio-common/_itoa.c
fn=_itoa_word
168 888 1 1 0 0 0 0 0 0
170 856 0 0 0 0 0 0 0 0
179 2384 2 2 196 0 0 196 0 0
180 3054 1 1 356 1 1 356 0 0
188 444 0 0 222 0 0 0 0 0
fl=/build/buildd/eglibc-2.19/stdio-common/printf-parse.h
fn=read_int
73 618 1 1 412 0 0 0 0 0
75 1442 1 1 412 0 0 206 0 0
85 206 0 0 0 0 0 0 0 0
93 206 0 0 206 0 0 0 0 0
fn=vfprintf
108 2000 1 1 0 0 0 1000 2 0
fl=/build/buildd/eglibc-2.19/stdio-common/printf_fp.c
fn=__printf_fp
161 100 1 1 0 0 0 60 0 0
175 10 0 0 0 0 0 10 0 0
176 10 1 1 0 0 0 10 0 0
194 10 1 1 0 0 0 10 0 0
196 10 0 0 0 0 0 10 0 0
208 10 2 2 0 0 0 0 0 0
215 60 0 0 10 0 0 10 0 0
274 20 0 0 0 0 0 0 0 0
276 60 0 0 40 2 0 20 0 0
277 20 0 0 10 0 0 10 0 0
300 30 1 1 10 0 0 0 0 0
342 10 1 1 0 0 0 10 0 0
349 20 0 0 0 0 0 0 0 0
351 10 0 0 10 0 0 0 0 0
396 30 1 1 10 0 0 10 0 0
400 30 0 0 0 0 0 10 0 0
403 6 1 1 2 0 0 2 0 0
404 22 0 0 8 2 1 0 0 0
415 38 1 1 8 0 0 8 0 0
417 4 2 1 0 0 0 2 0 0
418 24 0 0 8 0 0 0 0 0
431 60 2 2 6 0 0 18 0 0
435 24 0 0 0 0 0 0 0 0
441 4 0 0 4 0 0 0 0 0
443 16 1 1 0 0 0 0 0 0
445 4 0 0 0 0 0 0 0 0
447 16 0 0 0 0 0 0 0 0
450 8 0 0 0 0 0 0 0 0
452 12 1 1 4 0 0 0 0 0
454 8 1 1 0 0 0 0 0 0
457 104 3 3 40 1 1 24 0 0
459 12 0 0 4 0 0 0 0 0
471 42 1 1 6 0 0 0 0 0
472 6 0 0 0 0 0 0 0 0
473 6 0 0 0 0 0 0 0 0
474 6 0 0 0 0 0 0 0 0
475 36 0 0 0 0 0 6 0 0
476 24 1 1 0 0 0 6 0 0
477 24 0 0 0 0 0 6 0 0
483 6 0 0 0 0 0 6 0 0
484 12 0 0 0 0 0 0 0 0
493 6 0 0 0 0 0 0 0 0
501 18 1 1 0 0 0 2 0 0
503 12 1 1 0 0 0 0 0 0
504 20 0 0 4 0 0 2 0 0
505 24 2 1 0 0 0 4 0 0
506 12 1 1 4 0 0 4 0 0
508 22 4 2 4 0 0 4 0 0
513 26 1 1 0 0 0 0 0 0
517 130 0 0 26 3 3 0 0 0
519 24 0 0 0 0 0 0 0 0
542 2 0 0 2 0 0 0 0 0
543 12 0 0 4 1 1 2 0 0
549 70 1 1 30 0 0 10 0 0
551 10 0 0 10 1 1 0 0 0
553 70 0 0 20 0 0 0 0 0
558 98 0 0 36 0 0 10 0 0
561 40 0 0 16 0 0 16 0 0
562 32 1 1 24 0 0 0 0 0
563 32 0 0 0 0 0 0 0 0
564 40 0 0 8 0 0 0 0 0
567 26 0 0 0 0 0 0 0 0
569 102 0 0 24 0 0 0 0 0
570 4 0 0 2 0 0 2 0 0
576 10 2 1 2 0 0 0 0 0
580 32 2 1 10 0 0 0 0 0
584 6 0 0 2 0 0 0 0 0
586 4 1 1 0 0 0 0 0 0
602 4 0 0 0 0 0 0 0 0
603 8 0 0 4 0 0 0 0 0
615 8 0 0 0 0 0 0 0 0
623 6 1 1 0 0 0 0 0 0
625 4 0 0 0 0 0 0 0 0
631 14 0 0 0 0 0 4 0 0
633 4 2 1 0 0 0 0 0 0
646 2 0 0 2 0 0 0 0 0
647 14 0 0 6 0 0 2 0 0
650 18 0 0 6 0 0 2 0 0
655 8 1 1 0 0 0 0 0 0
822 16 0 0 0 0 0 4 1 0
823 20 0 0 8 0 0 8 0 0
824 8 0 0 0 0 0 4 0 0
828 12 1 1 6 0 0 6 0 0
837 6 0 0 0 0 0 6 0 0
838 36 0 0 24 3 1 6 0 0
840 12 1 1 0 0 0 0 0 0
850 12 0 0 6 0 0 0 0 0
865 8 1 1 0 0 0 0 0 0
870 30 1 1 6 0 0 6 0 0
871 36 1 1 18 0 0 0 0 0
875 4 0 0 0 0 0 2 0 0
878 6 0 0 2 0 0 2 0 0
879 2 1 1 0 0 0 2 0 0
880 8 0 0 0 0 0 2 0 0
884 4 0 0 0 0 0 4 0 0
885 12 0 0 0 0 0 4 0 0
886 16 1 1 8 0 0 4 0 0
892 12 0 0 0 0 0 4 0 0
895 30 1 1 12 0 0 12 0 0
898 18 0 0 6 0 0 0 0 0
912 36 1 1 6 0 0 0 0 0
913 6 0 0 6 0 0 0 0 0
919 12 1 1 6 0 0 0 0 0
920 6 0 0 0 0 0 6 0 0
921 6 0 0 0 0 0 6 0 0
929 36 1 1 6 0 0 6 0 0
930 12 0 0 6 0 0 0 0 0
933 18 0 0 6 0 0 0 0 0
936 120 2 2 42 0 0 18 0 0
939 24 0 0 0 0 0 12 1 0
941 6 1 1 0 0 0 6 0 0
942 12 0 0 6 0 0 0 0 0
943 18 0 0 6 0 0 0 0 0
944 30 1 1 12 0 0 0 0 0
945 36 0 0 12 0 0 6 0 0
957 12 1 1 0 0 0 0 0 0
960 150 2 1 72 0 0 6 0 0
962 30 0 0 0 0 0 0 0 0
963 90 0 0 30 0 0 60 0 0
964 90 1 1 0 0 0 0 0 0
966 54 0 0 8 0 0 30 0 0
975 18 1 1 12 0 0 0 0 0
976 24 0 0 6 0 0 18 0 0
978 36 1 1 12 0 0 0 0 0
979 12 0 0 0 0 0 0 0 0
980 18 0 0 6 0 0 0 0 0
983 12 0 0 6 0 0 0 0 0
987 4 0 0 0 0 0 0 0 0
988 36 1 1 12 0 0 0 0 0
1094 48 1 1 12 0 0 0 0 0
1096 6 0 0 0 0 0 0 0 0
1097 6 0 0 0 0 0 0 0 0
1101 12 0 0 0 0 0 0 0 0
1104 12 1 1 6 0 0 0 0 0
1117 18 1 1 6 0 0 0 0 0
1119 6 0 0 2 0 0 0 0 0
1138 2 0 0 0 0 0 2 0 0
1139 12 0 0 2 0 0 2 0 0
1142 4 1 1 0 0 0 0 0 0
1143 10 0 0 2 0 0 0 0 0
1144 4 0 0 0 0 0 0 0 0
1152 16 0 0 0 0 0 0 0 0
1153 12 0 0 0 0 0 2 0 0
1154 8 0 0 2 0 0 2 0 0
1156 4 0 0 0 0 0 0 0 0
1157 6 0 0 0 0 0 2 0 0
1163 32 1 1 12 0 0 0 0 0
1164 2 0 0 2 0 0 0 0 0
1165 42 1 1 6 0 0 12 0 0
1167 42 0 0 6 0 0 0 0 0
1170 12 0 0 0 0 0 0 0 0
1171 22 2 2 8 0 0 4 0 0
1172 12 0 0 4 0 0 0 0 0
1174 8 0 0 0 0 0 0 0 0
1175 38 1 1 24 0 0 0 0 0
1177 24 0 0 6 0 0 0 0 0
1186 18 0 0 6 0 0 0 0 0
1192 18 0 0 6 0 0 0 0 0
1196 24 1 1 6 0 0 18 0 0
1198 24 0 0 12 0 0 0 0 0
1199 12 0 0 0 0 0 6 0 0
1203 12 1 1 6 0 0 0 0 0
1204 12 0 0 6 0 0 0 0 0
1205 12 1 1 6 0 0 0 0 0
1216 30 0 0 0 0 0 0 0 0
1217 12 0 0 0 0 0 6 0 0
1223 216 1 1 12 0 0 24 0 0
1224 132 0 0 44 0 0 0 0 0
1225 30 0 0 12 0 0 6 0 0
1226 76 0 0 0 0 0 0 0 0
1229 76 0 0 0 0 0 38 0 0
1232 6 0 0 0 0 0 0 0 0
1233 12 1 1 6 0 0 0 0 0
1250 612 4 4 138 0 0 88 1 1
1253 12 1 1 6 0 0 0 0 0
1260 18 0 0 6 0 0 0 0 0
1264 80 1 1 70 0 0 0 0 0
fn=hack_digit.13629
231 168 1 1 0 0 0 84 1 0
234 126 0 0 42 0 0 0 0 0
236 126 1 1 42 0 0 0 0 0
238 112 1 1 84 0 0 0 0 0
239 140 0 0 0 0 0 56 1 0
243 42 0 0 14 0 0 0 0 0
247 84 1 1 42 0 0 14 0 0
248 70 0 0 42 0 0 14 0 0
249 14 0 0 14 0 0 0 0 0
251 14 1 1 0 0 0 14 0 0
252 98 0 0 28 0 0 0 0 0
263 42 0 0 0 0 0 14 0 0
264 28 0 0 0 0 0 0 0 0
265 10 0 0 4 0 0 4 0 0
269 266 1 1 126 0 0 0 0 0
fl=/build/buildd/eglibc-2.19/stdio-common/vfprintf.c
fn=vfprintf
235 2750 2 2 0 0 0 1500 0 0
240 250 0 0 0 0 0 250 0 0
270 750 0 0 500 0 0 250 2 0
274 250 0 0 0 0 0 250 0 0
277 250 1 1 0 0 0 250 1 0
283 250 0 0 0 0 0 250 0 0
1295 1250 1 1 250 0 0 0 0 0
1299 1250 1 1 250 0 0 0 0 0
1310 500 0 0 0 0 0 0 0 0
1317 250 0 0 0 0 0 250 0 0
1321 1500 0 0 750 0 0 750 1 0
1325 250 0 0 0 0 0 250 0 0
1332 250 0 0 0 0 0 250 0 0
1336 2500 1 1 500 1 0 1000 1 0
1337 3750 1 1 2000 0 0 250 0 0
1340 3250 2 2 750 0 0 750 0 0
1344 750 1 1 500 0 0 0 0 0
1348 1750 0 0 750 1 0 0 0 0
1375 250 0 0 0 0 0 250 1 0
1376 250 0 0 0 0 0 250 0 0
1377 250 1 1 0 0 0 250 0 0
1378 250 0 0 0 0 0 250 0 0
1379 250 0 0 0 0 0 250 1 0
1380 250 0 0 0 0 0 250 0 0
1381 250 0 0 0 0 0 250 0 0
1382 250 0 0 0 0 0 250 0 0
1383 250 0 0 0 0 0 250 0 0
1384 250 1 1 0 0 0 250 0 0
1385 250 0 0 0 0 0 250 0 0
1388 250 0 0 0 0 0 250 0 0
1389 250 0 0 0 0 0 250 0 0
1392 250 0 0 0 0 0 250 0 0
1393 250 0 0 0 0 0 0 0 0
1396 4250 2 2 1000 3 3 500 0 0
1422 1030 2 2 412 0 0 206 0 0
1423 3502 1 1 1030 0 0 412 0 0
1517 618 1 1 206 0 0 412 0 0
1519 412 0 0 0 0 0 0 0 0
1527 412 1 1 206 0 0 0 0 0
1545 824 1 1 412 0 0 0 0 0
1548 2678 1 1 618 2 2 206 0 0
1559 750 0 0 0 0 0 250 0 0
1580 500 0 0 0 0 0 250 1 0
1617 824 3 1 0 0 0 0 0 0
1632 32 0 0 0 0 0 16 0 0
1633 272 4 2 80 1 1 32 0 0
1660 25054 46 35 8747 0 0 3198 0 0
1661 1048 9 7 400 0 0 90 0 0
1680 500 1 1 250 0 0 0 0 0
1682 250 0 0 0 0 0 250 0 0
1688 1000 1 1 250 0 0 500 0 0
1692 5750 1 1 1250 0 0 750 0 0
1694 500 0 0 250 0 0 0 0 0
2091 500 1 1 250 0 0 0 0 0
2093 500 1 1 250 0 0 0 0 0
2095 500 0 0 250 0 0 0 0 0
2098 2500 1 1 1250 0 0 250 0 0
2099 750 0 0 250 0 0 0 0 0
2101 250 0 0 250 0 0 0 0 0
2102 2000 0 0 1750 0 0 0 0 0
fl=/build/buildd/eglibc-2.19/stdlib/../sysdeps/ieee754/dbl-64/dbl2mpn.c
fn=__mpn_extract_double
35 12 1 1 6 0 0 6 0 0
37 18 1 1 0 0 0 6 0 0
38 30 0 0 0 0 0 6 0 0
47 18 0 0 0 0 0 6 0 0
56 18 0 0 0 0 0 0 0 0
103 18 2 1 0 0 0 6 0 0
107 12 0 0 6 0 0 0 0 0
fl=/build/buildd/eglibc-2.19/stdlib/../sysdeps/x86_64/lshift.S
fn=__mpn_lshift
29 6 1 1 0 0 0 0 0 0
30 6 0 0 0 0 0 0 0 0
32 6 0 0 0 0 0 0 0 0
33 6 0 0 0 0 0 0 0 0
34 6 0 0 0 0 0 0 0 0
46 6 0 0 0 0 0 0 0 0
47 6 0 0 0 0 0 0 0 0
48 6 0 0 6 0 0 0 0 0
49 6 0 0 0 0 0 0 0 0
50 6 0 0 0 0 0 0 0 0
51 6 1 1 0 0 0 0 0 0
52 6 0 0 0 0 0 0 0 0
58 6 0 0 0 0 0 0 0 0
59 6 0 0 0 0 0 6 0 0
60 6 0 0 6 0 0 0 0 0
fl=/build/buildd/eglibc-2.19/stdlib/../sysdeps/x86_64/mul_1.S
fn=__mpn_mul_1
32 52 1 1 0 0 0 52 0 0
35 52 0 0 0 0 0 0 0 0
36 52 0 0 52 0 0 0 0 0
37 52 0 0 0 0 0 0 0 0
38 52 0 0 0 0 0 0 0 0
39 52 0 0 0 0 0 0 0 0
41 52 0 0 0 0 0 0 0 0
42 52 0 0 0 0 0 0 0 0
44 52 0 0 0 0 0 0 0 0
45 52 0 0 0 0 0 0 0 0
46 46 0 0 0 0 0 0 0 0
47 46 0 0 0 0 0 0 0 0
48 32 0 0 0 0 0 0 0 0
50 28 0 0 0 0 0 0 0 0
51 28 0 0 0 0 0 0 0 0
52 28 0 0 0 0 0 28 0 0
53 28 0 0 0 0 0 0 0 0
64 6 0 0 0 0 0 0 0 0
65 6 0 0 0 0 0 0 0 0
66 6 0 0 0 0 0 0 0 0
67 6 0 0 0 0 0 0 0 0
68 6 0 0 0 0 0 0 0 0
69 6 0 0 0 0 0 0 0 0
70 6 0 0 0 0 0 0 0 0
72 4 1 1 0 0 0 0 0 0
73 4 0 0 0 0 0 0 0 0
74 4 0 0 0 0 0 0 0 0
75 4 0 0 0 0 0 0 0 0
76 4 0 0 0 0 0 0 0 0
77 4 0 0 0 0 0 0 0 0
79 14 0 0 0 0 0 0 0 0
80 14 1 1 0 0 0 0 0 0
81 14 0 0 0 0 0 0 0 0
82 14 0 0 0 0 0 0 0 0
83 14 0 0 0 0 0 0 0 0
84 14 0 0 0 0 0 0 0 0
85 14 0 0 14 0 0 0 0 0
86 14 0 0 0 0 0 0 0 0
87 14 0 0 0 0 0 0 0 0
99 6 0 0 6 0 0 0 0 0
100 6 0 0 0 0 0 0 0 0
101 6 0 0 0 0 0 6 0 0
102 6 0 0 0 0 0 0 0 0
103 6 0 0 0 0 0 0 0 0
104 10 1 1 10 0 0 0 0 0
105 10 0 0 0 0 0 0 0 0
106 10 0 0 0 0 0 10 0 0
107 10 0 0 0 0 0 0 0 0
108 10 0 0 0 0 0 0 0 0
109 10 0 0 0 0 0 0 0 0
110 10 0 0 10 0 0 0 0 0
111 10 0 0 0 0 0 0 0 0
112 10 0 0 0 0 0 0 0 0
113 24 0 0 0 0 0 0 0 0
114 24 0 0 0 0 0 0 0 0
115 24 0 0 0 0 0 0 0 0
117 24 0 0 0 0 0 24 0 0
118 24 0 0 0 0 0 0 0 0
119 24 0 0 0 0 0 0 0 0
120 24 0 0 0 0 0 24 0 0
121 24 0 0 0 0 0 0 0 0
122 52 1 1 0 0 0 0 0 0
124 52 0 0 52 0 0 0 0 0
127 52 0 0 52 0 0 0 0 0
fl=/build/buildd/eglibc-2.19/stdlib/../sysdeps/x86_64/rshift.S
fn=__mpn_rshift
29 4 1 1 0 0 0 0 0 0
30 4 0 0 0 0 0 0 0 0
31 4 0 0 0 0 0 0 0 0
44 4 0 0 0 0 0 0 0 0
45 4 0 0 0 0 0 0 0 0
61 4 1 1 0 0 0 0 0 0
80 4 1 1 4 0 0 0 0 0
81 4 0 0 4 0 0 0 0 0
82 4 0 0 0 0 0 0 0 0
83 4 0 0 0 0 0 0 0 0
84 4 0 0 4 0 0 0 0 0
85 4 0 0 0 0 0 0 0 0
86 4 0 0 0 0 0 0 0 0
87 4 0 0 0 0 0 0 0 0
107 4 1 1 0 0 0 0 0 0
108 4 1 1 0 0 0 4 0 0
109 4 0 0 0 0 0 0 0 0
110 4 0 0 0 0 0 4 0 0
111 4 0 0 0 0 0 0 0 0
112 4 0 0 0 0 0 4 0 0
113 4 0 0 4 0 0 0 0 0
fl=/build/buildd/eglibc-2.19/stdlib/cmp.c
fn=__mpn_cmp
42 20 1 1 0 0 0 0 0 0
44 10 0 0 10 0 0 0 0 0
45 10 1 1 10 0 0 0 0 0
46 20 0 0 0 0 0 0 0 0
54 50 0 0 10 0 0 0 0 0
fl=/build/buildd/eglibc-2.19/stdlib/cxa_atexit.c
fn=__cxa_atexit
35 2 0 0 0 0 0 1 0 0
37 2 0 0 0 0 0 0 0 0
41 3 0 0 1 0 0 0 0 0
43 1 0 0 0 0 0 1 0 0
44 1 0 0 0 0 0 1 0 0
45 1 0 0 0 0 0 1 0 0
47 1 1 1 0 0 0 1 0 0
48 1 0 0 0 0 0 0 0 0
57 6 1 1 0 0 0 3 0 0
59 4 0 0 4 0 0 0 0 0
fn=__new_exitfn
73 4 1 1 0 0 0 2 0 0
74 2 0 0 0 0 0 0 0 0
79 6 0 0 2 2 2 0 0 0
81 8 2 2 2 1 0 0 0 0
83 3 0 0 1 1 0 0 0 0
91 1 0 0 0 0 0 1 0 0
112 1 1 1 0 0 0 0 0 0
113 2 0 0 0 0 0 1 0 0
126 1 1 1 0 0 0 1 0 0
127 1 0 0 1 1 1 0 0 0
130 4 0 0 2 0 0 0 0 0
133 5 0 0 3 0 0 0 0 0
fl=/build/buildd/eglibc-2.19/stdlib/cxa_finalize.c
fn=__cxa_finalize
31 16 1 1 0 0 0 12 0 0
35 14 1 1 4 0 0 0 0 0
39 12 1 1 2 0 0 0 0 0
48 2 0 0 0 0 0 0 0 0
67 14 1 1 4 0 0 0 0 0
71 12 0 0 2 1 0 0 0 0
79 4 0 0 0 0 0 0 0 0
80 4 0 0 0 0 0 0 0 0
82 14 1 1 12 0 0 0 0 0
fl=/build/buildd/eglibc-2.19/stdlib/cxa_thread_atexit_impl.c
fn=__call_tls_dtors
82 3 1 1 0 0 0 3 0 0
83 5 0 0 1 0 0 1 0 0
101 4 1 1 4 0 0 0 0 0
fl=/build/buildd/eglibc-2.19/stdlib/divrem.c
fn=__mpn_divrem
56 196 2 1 0 0 0 140 2 0
57 14 0 0 0 0 0 0 0 0
59 56 0 0 0 0 0 0 0 0
99 14 0 0 0 0 0 0 0 0
100 28 1 1 28 0 0 0 0 0
101 14 0 0 14 0 0 0 0 0
102 14 0 0 14 0 0 0 0 0
103 14 0 0 14 0 0 0 0 0
105 44 2 2 0 0 0 0 0 0
107 8 0 0 0 0 0 0 0 0
108 8 0 0 0 0 0 0 0 0
111 62 0 0 14 0 0 0 0 0
116 6 0 0 2 0 0 0 0 0
117 2 0 0 0 0 0 0 0 0
121 4 0 0 0 0 0 0 0 0
136 8 0 0 2 0 0 0 0 0
140 10 1 1 0 0 0 0 0 0
141 6 0 0 0 0 0 0 0 0
146 12 0 0 0 0 0 0 0 0
157 2 0 0 0 0 0 2 0 0
158 6 0 0 0 0 0 0 0 0
160 14 1 1 0 0 0 14 0 0
161 14 0 0 0 0 0 14 0 0
163 14 0 0 0 0 0 0 0 0
244 112 0 0 98 0 0 0 0 0
fl=/build/buildd/eglibc-2.19/stdlib/exit.c
fn=__run_exit_handlers
35 8 1 1 0 0 0 4 0 0
40 2 0 0 1 1 0 1 0 0
46 8 0 0 2 1 0 0 0 0
50 6 0 0 0 0 0 0 0 0
52 1 0 0 0 0 0 1 0 0
53 1 0 0 0 0 0 0 0 0
54 5 1 1 1 0 0 0 0 0
78 1 1 1 1 0 0 0 0 0
80 2 0 0 1 0 0 0 0 0
82 3 0 0 1 0 0 1 0 0
83 1 0 0 0 0 0 0 0 0
87 2 0 0 1 0 0 1 0 0
88 2 0 0 0 0 0 0 0 0
94 2 0 0 0 0 0 0 0 0
95 8 1 1 1 1 0 1 0 0
97 2 0 0 0 0 0 1 0 0
fn=exit
103 1 0 0 0 0 0 0 0 0
104 3 1 1 0 0 0 1 0 0
fl=/build/buildd/eglibc-2.19/stdlib/mul.c
fn=__mpn_mul
57 130 4 2 0 0 0 80 0 0
63 20 0 0 0 0 0 0 0 0
75 20 0 0 0 0 0 0 0 0
76 10 0 0 0 0 0 0 0 0
80 10 0 0 10 1 1 0 0 0
81 20 0 0 0 0 0 0 0 0
90 30 2 1 20 0 0 10 1 0
92 30 0 0 10 0 0 10 0 0
93 10 0 0 0 0 0 0 0 0
97 20 0 0 0 0 0 0 0 0
151 80 2 1 70 0 0 0 0 0
fl=/build/buildd/eglibc-2.19/string/../bits/stdlib-bsearch.h
fn=intel_check_word
27 13 1 1 0 0 0 0 0 0
28 26 0 0 0 0 0 0 0 0
29 170 0 0 0 0 0 0 0 0
31 235 0 0 0 0 0 0 0 0
32 87 0 0 0 0 0 0 0 0
37 23 1 1 0 0 0 0 0 0
fl=/build/buildd/eglibc-2.19/string/../string/memcmp.c
fn=bcmp
105 15 1 1 15 0 0 0 0 0
106 30 0 0 15 0 0 0 0 0
110 33 0 0 0 0 0 0 0 0
111 9 1 1 0 0 0 0 0 0
129 21 1 1 0 0 0 0 0 0
133 3 1 1 3 1 1 0 0 0
134 3 0 0 3 0 0 0 0 0
135 3 0 0 0 0 0 0 0 0
136 3 0 0 0 0 0 0 0 0
137 3 0 0 0 0 0 0 0 0
183 3 0 0 3 0 0 0 0 0
184 3 0 0 3 0 0 0 0 0
185 24 0 0 0 0 0 6 2 2
221 2 0 0 0 0 0 0 0 0
222 4 0 0 0 0 0 0 0 0
226 4 0 0 0 0 0 0 0 0
228 14 1 1 0 0 0 0 0 0
232 2 0 0 2 0 0 0 0 0
233 2 0 0 2 0 0 0 0 0
234 2 0 0 2 0 0 0 0 0
235 2 0 0 0 0 0 0 0 0
236 2 0 0 0 0 0 0 0 0
237 2 0 0 0 0 0 0 0 0
289 2 0 0 2 1 1 0 0 0
290 2 0 0 2 1 1 0 0 0
291 12 1 1 0 0 0 0 0 0
292 4 0 0 0 0 0 0 0 0
299 4 1 1 0 0 0 0 0 0
304 12 1 1 0 0 0 0 0 0
305 4 0 0 0 0 0 0 0 0
315 105 1 1 0 0 0 90 1 1
318 15 0 0 0 0 0 0 0 0
319 15 0 0 0 0 0 0 0 0
322 30 0 0 0 0 0 0 0 0
326 21 0 0 0 0 0 0 0 0
328 2 0 0 2 1 1 0 0 0
329 2 0 0 2 0 0 0 0 0
330 2 0 0 0 0 0 0 0 0
331 2 0 0 0 0 0 0 0 0
333 4 0 0 0 0 0 0 0 0
335 2 0 0 0 0 0 0 0 0
342 15 1 1 0 0 0 0 0 0
343 10 0 0 0 0 0 0 0 0
346 6 0 0 0 0 0 0 0 0
350 6 0 0 0 0 0 0 0 0
351 2 0 0 0 0 0 0 0 0
352 2 0 0 0 0 0 0 0 0
356 178 2 2 0 0 0 0 0 0
358 78 0 0 78 1 1 0 0 0
359 78 0 0 78 5 5 0 0 0
360 78 0 0 0 0 0 0 0 0
363 253 0 0 0 0 0 0 0 0
368 11 0 0 0 0 0 0 0 0
369 120 0 0 105 0 0 0 0 0
fl=/build/buildd/eglibc-2.19/string/../sysdeps/x86_64/memcpy.S
fn=__GI_mempcpy
61 825 1 1 0 0 0 0 0 0
65 825 0 0 0 0 0 0 0 0
68 825 0 0 0 0 0 0 0 0
69 825 0 0 0 0 0 0 0 0
71 619 0 0 619 1 1 0 0 0
72 619 0 0 0 0 0 619 11 11
74 619 0 0 0 0 0 0 0 0
75 619 0 0 0 0 0 0 0 0
80 825 0 0 0 0 0 0 0 0
81 825 0 0 0 0 0 0 0 0
83 262 0 0 262 0 0 0 0 0
84 262 0 0 0 0 0 262 6 6
86 262 0 0 0 0 0 0 0 0
87 262 0 0 0 0 0 0 0 0
92 825 0 0 0 0 0 0 0 0
93 825 0 0 0 0 0 0 0 0
95 22 0 0 22 0 0 0 0 0
96 22 0 0 0 0 0 22 2 2
98 22 0 0 0 0 0 0 0 0
99 22 0 0 0 0 0 0 0 0
104 825 1 1 0 0 0 0 0 0
105 825 0 0 0 0 0 0 0 0
107 20 0 0 20 0 0 0 0 0
108 20 0 0 0 0 0 20 3 3
110 20 0 0 0 0 0 0 0 0
111 40 0 0 0 0 0 0 0 0
116 825 0 0 0 0 0 0 0 0
117 843 0 0 0 0 0 0 0 0
122 18 0 0 18 0 0 0 0 0
123 18 0 0 18 0 0 0 0 0
124 18 0 0 0 0 0 18 2 2
125 18 0 0 0 0 0 18 1 1
127 18 0 0 0 0 0 0 0 0
129 18 0 0 0 0 0 0 0 0
130 18 0 0 0 0 0 0 0 0
132 18 0 0 0 0 0 0 0 0
138 825 1 1 0 0 0 0 0 0
142 825 0 0 825 0 0 0 0 0
154 4 0 0 0 0 0 0 0 0
156 4 0 0 0 0 0 0 0 0
157 4 0 0 0 0 0 0 0 0
183 4 3 1 0 0 0 0 0 0
184 4 0 0 0 0 0 0 0 0
187 4 0 0 0 0 0 0 0 0
188 4 0 0 0 0 0 0 0 0
189 4 0 0 0 0 0 0 0 0
194 4 0 0 0 0 0 0 0 0
196 4 0 0 4 0 0 0 0 0
197 4 0 0 4 0 0 0 0 0
198 4 0 0 4 0 0 0 0 0
199 4 0 0 4 0 0 0 0 0
201 4 0 0 0 0 0 4 1 1
202 4 0 0 0 0 0 4 0 0
203 4 0 0 0 0 0 4 1 1
204 4 0 0 0 0 0 4 1 1
206 4 0 0 0 0 0 0 0 0
207 4 0 0 0 0 0 0 0 0
209 4 0 0 0 0 0 0 0 0
231 4 1 1 0 0 0 0 0 0
233 4 0 0 0 0 0 0 0 0
fn=mempcpy
61 16 1 1 0 0 0 0 0 0
65 16 0 0 0 0 0 0 0 0
68 15 0 0 0 0 0 0 0 0
69 15 0 0 0 0 0 0 0 0
71 5 0 0 5 1 1 0 0 0
72 5 0 0 0 0 0 5 1 1
74 5 0 0 0 0 0 0 0 0
75 5 0 0 0 0 0 0 0 0
80 15 0 0 0 0 0 0 0 0
81 15 0 0 0 0 0 0 0 0
83 11 0 0 11 0 0 0 0 0
84 11 0 0 0 0 0 11 0 0
86 11 0 0 0 0 0 0 0 0
87 11 0 0 0 0 0 0 0 0
92 15 0 0 0 0 0 0 0 0
93 15 0 0 0 0 0 0 0 0
95 5 0 0 5 0 0 0 0 0
96 5 0 0 0 0 0 5 0 0
98 5 0 0 0 0 0 0 0 0
99 5 0 0 0 0 0 0 0 0
104 15 0 0 0 0 0 0 0 0
105 15 0 0 0 0 0 0 0 0
107 8 0 0 8 0 0 0 0 0
108 8 0 0 0 0 0 8 1 1
110 8 0 0 0 0 0 0 0 0
111 16 0 0 0 0 0 0 0 0
116 15 1 1 0 0 0 0 0 0
117 18 0 0 0 0 0 0 0 0
122 3 0 0 3 1 0 0 0 0
123 3 0 0 3 0 0 0 0 0
124 3 0 0 0 0 0 3 1 1
125 3 0 0 0 0 0 3 0 0
127 3 0 0 0 0 0 0 0 0
129 3 0 0 0 0 0 0 0 0
130 3 0 0 0 0 0 0 0 0
132 3 0 0 0 0 0 0 0 0
138 15 0 0 0 0 0 0 0 0
142 15 0 0 15 0 0 0 0 0
154 2 1 1 0 0 0 0 0 0
156 2 0 0 0 0 0 0 0 0
157 2 0 0 0 0 0 0 0 0
183 2 0 0 0 0 0 0 0 0
184 2 0 0 0 0 0 0 0 0
187 2 0 0 0 0 0 0 0 0
188 2 0 0 0 0 0 0 0 0
189 2 0 0 0 0 0 0 0 0
194 2 1 1 0 0 0 0 0 0
196 2 0 0 2 0 0 0 0 0
197 2 0 0 2 0 0 0 0 0
198 2 0 0 2 0 0 0 0 0
199 2 0 0 2 0 0 0 0 0
201 2 0 0 0 0 0 2 0 0
202 2 0 0 0 0 0 2 1 1
203 2 0 0 0 0 0 2 0 0
204 2 0 0 0 0 0 2 0 0
206 2 0 0 0 0 0 0 0 0
207 2 0 0 0 0 0 0 0 0
209 2 0 0 0 0 0 0 0 0
231 2 1 1 0 0 0 0 0 0
233 2 0 0 0 0 0 0 0 0
235 1 0 0 0 0 0 0 0 0
242 1 0 0 1 0 0 0 0 0
fl=/build/buildd/eglibc-2.19/string/../sysdeps/x86_64/memset.S
fn=memset
53 2 1 1 0 0 0 0 0 0
54 2 0 0 0 0 0 0 0 0
55 2 0 0 0 0 0 0 0 0
56 2 0 0 0 0 0 0 0 0
57 2 0 0 0 0 0 0 0 0
59 2 0 0 0 0 0 0 0 0
60 2 0 0 0 0 0 0 0 0
61 2 0 0 0 0 0 0 0 0
62 2 0 0 0 0 0 0 0 0
103 2 1 1 0 0 0 0 0 0
104 2 0 0 0 0 0 0 0 0
105 2 0 0 0 0 0 0 0 0
121 2 0 0 0 0 0 2 1 0
122 2 0 0 0 0 0 2 0 0
123 2 0 0 2 0 0 0 0 0
fl=/build/buildd/eglibc-2.19/string/../sysdeps/x86_64/multiarch/../cacheinfo.c
fn=handle_intel
305 16 0 0 0 0 0 12 0 0
306 4 1 1 0 0 0 0 0 0
317 6 0 0 0 0 0 2 0 0
319 2 1 1 0 0 0 2 0 0
320 4 0 0 0 0 0 2 0 0
322 2 0 0 0 0 0 0 0 0
328 8 1 1 0 0 0 2 0 0
333 4 0 0 0 0 0 0 0 0
335 6 0 0 0 0 0 2 0 0
336 2 0 0 0 0 0 0 0 0
340 10 0 0 0 0 0 2 0 0
341 4 0 0 0 0 0 0 0 0
344 10 1 1 0 0 0 2 0 0
345 4 0 0 0 0 0 0 0 0
348 5 0 0 0 0 0 1 0 0
349 2 0 0 0 0 0 0 0 0
352 5 0 0 1 0 0 1 0 0
353 2 0 0 0 0 0 0 0 0
362 16 1 1 14 0 0 0 0 0
fn=init_cacheinfo
550 3 1 1 0 0 0 3 0 0
563 3 0 0 1 0 0 0 0 0
570 2 0 0 0 0 0 0 0 0
572 4 0 0 1 0 0 1 0 0
575 1 0 0 0 0 0 0 0 0
576 4 1 1 1 0 0 1 0 0
578 2 0 0 0 0 0 0 0 0
589 1 0 0 1 0 0 0 0 0
607 4 0 0 1 0 0 0 0 0
614 17 1 1 0 0 0 0 0 0
620 8 0 0 0 0 0 0 0 0
623 20 0 0 0 0 0 0 0 0
625 2 1 1 0 0 0 0 0 0
631 5 0 0 0 0 0 0 0 0
638 9 1 1 0 0 0 0 0 0
640 2 0 0 0 0 0 0 0 0
642 8 0 0 0 0 0 0 0 0
644 4 0 0 0 0 0 0 0 0
649 1 1 1 0 0 0 0 0 0
651 4 0 0 0 0 0 0 0 0
652 2 0 0 0 0 0 0 0 0
653 1 0 0 0 0 0 0 0 0
657 2 0 0 0 0 0 0 0 0
669 4 0 0 0 0 0 0 0 0
670 5 1 1 0 0 0 0 0 0
744 2 0 0 0 0 0 0 0 0
746 3 1 1 0 0 0 1 0 0
747 1 0 0 0 0 0 1 1 1
749 1 0 0 0 0 0 0 0 0
750 3 0 0 0 0 0 1 0 0
751 1 0 0 0 0 0 1 0 0
754 2 0 0 0 0 0 0 0 0
756 3 0 0 0 0 0 1 0 0
757 1 0 0 0 0 0 1 1 1
759 1 0 0 0 0 0 0 0 0
760 3 0 0 0 0 0 1 0 0
761 1 0 0 0 0 0 1 0 0
763 4 0 0 4 0 0 0 0 0
fn=intel_check_word
150 174 0 0 87 8 8 0 0 0
153 84 1 1 0 0 0 0 0 0
161 24 0 0 0 0 0 18 0 0
162 12 1 1 0 0 0 0 0 0
164 4 0 0 0 0 0 0 0 0
168 42 0 0 0 0 0 0 0 0
170 44 1 1 0 0 0 0 0 0
172 13 0 0 0 0 0 0 0 0
174 26 0 0 0 0 0 0 0 0
182 26 0 0 0 0 0 0 0 0
235 26 0 0 0 0 0 0 0 0
275 12 0 0 3 0 0 0 0 0
277 2 1 1 0 0 0 0 0 0
279 4 0 0 0 0 0 0 0 0
281 2 0 0 2 0 0 0 0 0
289 2 0 0 0 0 0 0 0 0
295 11 0 0 0 0 0 0 0 0
300 24 1 1 24 0 0 0 0 0
fl=/build/buildd/eglibc-2.19/string/../sysdeps/x86_64/multiarch/../memcpy.S
fn=__GI_memcpy
61 10 2 1 0 0 0 0 0 0
63 10 0 0 0 0 0 0 0 0
65 10 0 0 0 0 0 0 0 0
68 4 0 0 0 0 0 0 0 0
69 4 0 0 0 0 0 0 0 0
80 4 0 0 0 0 0 0 0 0
81 4 0 0 0 0 0 0 0 0
92 4 0 0 0 0 0 0 0 0
93 4 0 0 0 0 0 0 0 0
104 4 2 1 0 0 0 0 0 0
105 4 0 0 0 0 0 0 0 0
107 4 0 0 4 1 1 0 0 0
108 4 0 0 0 0 0 4 0 0
110 4 0 0 0 0 0 0 0 0
111 4 0 0 0 0 0 0 0 0
116 4 0 0 0 0 0 0 0 0
117 8 0 0 0 0 0 0 0 0
122 4 0 0 4 0 0 0 0 0
123 4 0 0 4 0 0 0 0 0
124 4 0 0 0 0 0 4 0 0
125 4 0 0 0 0 0 4 0 0
127 4 0 0 0 0 0 0 0 0
129 4 0 0 0 0 0 0 0 0
130 4 0 0 0 0 0 0 0 0
132 4 0 0 0 0 0 0 0 0
140 4 0 0 4 0 0 0 0 0
148 6 1 1 0 0 0 6 0 0
154 6 0 0 0 0 0 0 0 0
156 6 0 0 0 0 0 0 0 0
157 6 0 0 0 0 0 0 0 0
183 6 1 1 0 0 0 0 0 0
184 6 0 0 0 0 0 0 0 0
187 6 0 0 0 0 0 0 0 0
188 6 0 0 0 0 0 0 0 0
189 6 0 0 0 0 0 0 0 0
194 6 0 0 0 0 0 0 0 0
196 6 0 0 6 0 0 0 0 0
197 6 0 0 6 0 0 0 0 0
198 6 0 0 6 0 0 0 0 0
199 6 0 0 6 0 0 0 0 0
201 6 0 0 0 0 0 6 0 0
202 6 0 0 0 0 0 6 0 0
203 6 0 0 0 0 0 6 0 0
204 6 0 0 0 0 0 6 0 0
206 6 0 0 0 0 0 0 0 0
207 6 0 0 0 0 0 0 0 0
209 6 0 0 0 0 0 0 0 0
231 6 1 1 0 0 0 0 0 0
237 6 0 0 6 0 0 0 0 0
238 6 0 0 0 0 0 0 0 0
240 6 0 0 6 0 0 0 0 0
fn=memcpy
61 18 1 1 0 0 0 0 0 0
63 18 0 0 0 0 0 0 0 0
65 18 0 0 0 0 0 0 0 0
68 18 0 0 0 0 0 0 0 0
69 18 0 0 0 0 0 0 0 0
71 5 1 1 5 0 0 0 0 0
72 5 0 0 0 0 0 5 2 2
74 5 0 0 0 0 0 0 0 0
75 5 0 0 0 0 0 0 0 0
80 18 0 0 0 0 0 0 0 0
81 18 0 0 0 0 0 0 0 0
83 5 0 0 5 0 0 0 0 0
84 5 0 0 0 0 0 5 2 2
86 5 0 0 0 0 0 0 0 0
87 10 0 0 0 0 0 0 0 0
92 18 0 0 0 0 0 0 0 0
93 18 0 0 0 0 0 0 0 0
95 2 0 0 2 0 0 0 0 0
96 2 0 0 0 0 0 2 0 0
98 2 0 0 0 0 0 0 0 0
99 2 0 0 0 0 0 0 0 0
104 18 0 0 0 0 0 0 0 0
105 18 0 0 0 0 0 0 0 0
107 11 0 0 11 0 0 0 0 0
108 11 0 0 0 0 0 11 1 1
110 11 0 0 0 0 0 0 0 0
111 11 0 0 0 0 0 0 0 0
116 18 1 1 0 0 0 0 0 0
117 27 0 0 0 0 0 0 0 0
122 9 0 0 9 0 0 0 0 0
123 9 0 0 9 0 0 0 0 0
124 9 0 0 0 0 0 9 0 0
125 9 0 0 0 0 0 9 1 1
127 9 0 0 0 0 0 0 0 0
129 9 0 0 0 0 0 0 0 0
130 9 0 0 0 0 0 0 0 0
132 9 0 0 0 0 0 0 0 0
140 18 0 0 18 0 0 0 0 0
148 5 0 0 0 0 0 5 0 0
154 5 0 0 0 0 0 0 0 0
156 5 0 0 0 0 0 0 0 0
157 5 0 0 0 0 0 0 0 0
160 2 1 1 0 0 0 0 0 0
161 4 0 0 0 0 0 0 0 0
166 14 0 0 14 0 0 0 0 0
167 14 0 0 0 0 0 14 1 1
169 14 0 0 0 0 0 0 0 0
171 14 0 0 0 0 0 0 0 0
172 14 0 0 0 0 0 0 0 0
174 16 0 0 0 0 0 0 0 0
183 5 0 0 0 0 0 0 0 0
184 5 0 0 0 0 0 0 0 0
187 5 0 0 0 0 0 0 0 0
188 5 0 0 0 0 0 0 0 0
189 5 0 0 0 0 0 0 0 0
194 4 1 1 0 0 0 0 0 0
196 4 0 0 4 0 0 0 0 0
197 4 0 0 4 0 0 0 0 0
198 4 0 0 4 0 0 0 0 0
199 4 0 0 4 0 0 0 0 0
201 4 0 0 0 0 0 4 1 1
202 4 0 0 0 0 0 4 0 0
203 4 0 0 0 0 0 4 0 0
204 4 0 0 0 0 0 4 0 0
206 4 0 0 0 0 0 0 0 0
207 4 0 0 0 0 0 0 0 0
209 4 0 0 0 0 0 0 0 0
231 5 1 1 0 0 0 0 0 0
237 5 0 0 5 0 0 0 0 0
238 5 0 0 0 0 0 0 0 0
fl=/build/buildd/eglibc-2.19/string/../sysdeps/x86_64/multiarch/../rtld-strlen.S
fn=strlen
26 16 1 1 0 0 0 0 0 0
27 16 0 0 0 0 0 0 0 0
28 16 0 0 0 0 0 0 0 0
29 16 0 0 0 0 0 0 0 0
31 9 0 0 0 0 0 0 0 0
32 9 0 0 0 0 0 0 0 0
34 45 0 0 45 1 1 0 0 0
35 45 0 0 0 0 0 0 0 0
36 44 0 0 0 0 0 0 0 0
37 44 0 0 0 0 0 0 0 0
38 44 0 0 0 0 0 0 0 0
40 30 1 1 0 0 0 0 0 0
45 19 0 0 19 0 0 0 0 0
46 19 0 0 0 0 0 0 0 0
47 19 0 0 0 0 0 0 0 0
48 19 0 0 0 0 0 0 0 0
51 19 0 0 0 0 0 0 0 0
52 18 0 0 0 0 0 0 0 0
53 18 0 0 0 0 0 0 0 0
54 18 0 0 0 0 0 0 0 0
56 18 0 0 0 0 0 0 0 0
59 16 0 0 16 1 1 0 0 0
60 16 0 0 0 0 0 0 0 0
61 16 0 0 0 0 0 0 0 0
62 16 0 0 0 0 0 0 0 0
65 16 0 0 0 0 0 0 0 0
66 11 0 0 0 0 0 0 0 0
67 11 0 0 0 0 0 0 0 0
68 11 1 1 0 0 0 0 0 0
70 11 0 0 0 0 0 0 0 0
73 9 0 0 9 0 0 0 0 0
74 9 0 0 0 0 0 0 0 0
75 9 0 0 0 0 0 0 0 0
76 9 0 0 0 0 0 0 0 0
79 9 0 0 0 0 0 0 0 0
80 9 0 0 0 0 0 0 0 0
81 9 0 0 0 0 0 0 0 0
82 9 0 0 0 0 0 0 0 0
84 9 0 0 0 0 0 0 0 0
87 7 0 0 7 0 0 0 0 0
88 7 0 0 0 0 0 0 0 0
89 7 0 0 0 0 0 0 0 0
90 7 0 0 0 0 0 0 0 0
93 7 0 0 0 0 0 0 0 0
94 5 0 0 0 0 0 0 0 0
95 5 0 0 0 0 0 0 0 0
96 5 0 0 0 0 0 0 0 0
98 6 0 0 0 0 0 0 0 0
101 15 1 1 0 0 0 0 0 0
103 15 0 0 0 0 0 0 0 0
104 15 0 0 0 0 0 0 0 0
105 13 0 0 0 0 0 0 0 0
107 13 0 0 0 0 0 0 0 0
108 13 0 0 0 0 0 0 0 0
109 12 0 0 0 0 0 0 0 0
111 12 0 0 0 0 0 0 0 0
112 12 0 0 0 0 0 0 0 0
113 9 0 0 0 0 0 0 0 0
115 9 0 0 0 0 0 0 0 0
116 9 0 0 0 0 0 0 0 0
117 9 0 0 0 0 0 0 0 0
119 9 0 0 0 0 0 0 0 0
121 9 0 0 0 0 0 0 0 0
122 9 0 0 0 0 0 0 0 0
123 6 0 0 0 0 0 0 0 0
125 6 0 0 0 0 0 0 0 0
126 6 0 0 0 0 0 0 0 0
127 6 0 0 0 0 0 0 0 0
129 6 0 0 0 0 0 0 0 0
130 6 0 0 0 0 0 0 0 0
131 4 0 0 0 0 0 0 0 0
133 16 1 1 0 0 0 0 0 0
134 16 0 0 16 0 0 0 0 0
fl=/build/buildd/eglibc-2.19/string/../sysdeps/x86_64/multiarch/../strchr.S
fn=index
24 12 1 1 0 0 0 0 0 0
25 12 0 0 0 0 0 0 0 0
26 12 0 0 0 0 0 0 0 0
27 12 0 0 0 0 0 0 0 0
28 12 0 0 0 0 0 0 0 0
29 12 0 0 0 0 0 0 0 0
30 12 0 0 0 0 0 0 0 0
31 12 0 0 0 0 0 0 0 0
32 12 0 0 12 5 5 0 0 0
33 12 0 0 0 0 0 0 0 0
34 12 0 0 0 0 0 0 0 0
35 12 1 1 0 0 0 0 0 0
36 12 0 0 0 0 0 0 0 0
37 12 0 0 0 0 0 0 0 0
38 12 0 0 0 0 0 0 0 0
39 12 0 0 0 0 0 0 0 0
40 12 0 0 0 0 0 0 0 0
41 7 0 0 0 0 0 0 0 0
45 7 0 0 0 0 0 0 0 0
46 7 0 0 0 0 0 0 0 0
47 7 0 0 7 0 0 0 0 0
48 7 0 0 0 0 0 0 0 0
50 7 0 0 7 0 0 0 0 0
54 5 0 0 5 1 1 0 0 0
55 5 0 0 0 0 0 0 0 0
56 5 0 0 0 0 0 0 0 0
57 5 0 0 0 0 0 0 0 0
58 5 0 0 0 0 0 0 0 0
59 5 1 1 0 0 0 0 0 0
60 5 0 0 5 0 0 0 0 0
61 5 0 0 0 0 0 0 0 0
62 5 0 0 0 0 0 0 0 0
63 5 0 0 0 0 0 0 0 0
64 5 0 0 0 0 0 0 0 0
65 5 0 0 0 0 0 0 0 0
66 5 0 0 0 0 0 0 0 0
67 5 0 0 5 1 1 0 0 0
68 5 0 0 0 0 0 0 0 0
69 5 0 0 0 0 0 0 0 0
70 5 0 0 0 0 0 0 0 0
71 5 0 0 0 0 0 0 0 0
72 5 0 0 0 0 0 0 0 0
73 5 0 0 0 0 0 0 0 0
74 5 0 0 0 0 0 0 0 0
75 5 1 1 0 0 0 0 0 0
76 5 0 0 0 0 0 0 0 0
77 5 0 0 0 0 0 0 0 0
129 5 1 1 0 0 0 0 0 0
133 5 0 0 0 0 0 0 0 0
134 5 0 0 0 0 0 0 0 0
135 5 0 0 5 0 0 0 0 0
136 5 1 1 0 0 0 0 0 0
138 5 0 0 5 0 0 0 0 0
fl=/build/buildd/eglibc-2.19/string/../sysdeps/x86_64/multiarch/../strcmp.S
fn=strcmp
131 2166 1 1 2166 49 26 0 0 0
132 2166 0 0 2166 17 4 0 0 0
133 2166 0 0 0 0 0 0 0 0
134 1984 0 0 0 0 0 0 0 0
135 1984 0 0 0 0 0 0 0 0
136 1984 0 0 0 0 0 0 0 0
137 1984 0 0 0 0 0 0 0 0
139 148 0 0 0 0 0 0 0 0
140 148 0 0 148 0 0 0 0 0
142 182 0 0 0 0 0 0 0 0
143 182 0 0 0 0 0 0 0 0
144 182 0 0 0 0 0 0 0 0
145 182 0 0 182 0 0 0 0 0
fl=/build/buildd/eglibc-2.19/string/../sysdeps/x86_64/multiarch/memcpy-sse2-unaligned.S
fn=__memcpy_sse2_unaligned
25 8 1 1 0 0 0 0 0 0
26 8 0 0 0 0 0 0 0 0
27 8 0 0 0 0 0 0 0 0
28 8 0 0 0 0 0 0 0 0
29 8 0 0 0 0 0 0 0 0
30 8 0 0 0 0 0 0 0 0
31 8 0 0 0 0 0 0 0 0
32 8 0 0 0 0 0 0 0 0
40 8 2 1 0 0 0 0 0 0
41 8 0 0 8 0 0 0 0 0
132 8 1 1 0 0 0 0 0 0
133 8 0 0 0 0 0 0 0 0
134 8 1 1 0 0 0 0 0 0
136 8 0 0 0 0 0 0 0 0
137 8 0 0 0 0 0 0 0 0
139 8 0 0 0 0 0 0 0 0
140 8 0 0 8 0 0 0 0 0
141 8 0 0 0 0 0 0 0 0
142 8 0 0 0 0 0 8 0 0
143 8 0 0 0 0 0 0 0 0
144 8 0 0 8 0 0 0 0 0
145 8 0 0 0 0 0 8 0 0
146 8 0 0 0 0 0 0 0 0
fl=/build/buildd/eglibc-2.19/string/../sysdeps/x86_64/multiarch/memcpy.S
fn=memcpy@@GLIBC_2.14
32 1 1 1 1 1 0 0 0 0
33 1 0 0 0 0 0 0 0 0
35 1 1 1 0 0 0 0 0 0
36 1 0 0 1 1 0 0 0 0
37 1 0 0 0 0 0 0 0 0
38 1 0 0 0 0 0 0 0 0
39 1 0 0 1 0 0 0 0 0
fl=/build/buildd/eglibc-2.19/string/../sysdeps/x86_64/multiarch/memmove.c
fn=memcpy@GLIBC_2.2.5
49 1 1 1 0 0 0 0 0 0
fl=/build/buildd/eglibc-2.19/string/../sysdeps/x86_64/multiarch/strcmp.S
fn=strcasecmp
114 1 1 1 1 1 1 0 0 0
115 1 0 0 0 0 0 0 0 0
116 1 0 0 0 0 0 1 0 0
119 1 0 0 0 0 0 0 0 0
120 1 0 0 1 0 0 0 0 0
121 1 1 1 0 0 0 0 0 0
123 1 0 0 1 0 0 0 0 0
124 1 0 0 0 0 0 0 0 0
128 1 0 0 0 0 0 0 0 0
129 1 0 0 1 0 0 0 0 0
130 1 0 0 0 0 0 0 0 0
132 1 0 0 1 0 0 0 0 0
fn=strncasecmp
140 1 1 1 1 0 0 0 0 0
141 1 0 0 0 0 0 0 0 0
145 1 0 0 0 0 0 0 0 0
146 1 0 0 1 0 0 0 0 0
147 1 0 0 0 0 0 0 0 0
149 1 0 0 1 0 0 0 0 0
150 1 0 0 0 0 0 0 0 0
154 1 1 1 0 0 0 0 0 0
155 1 0 0 1 0 0 0 0 0
156 1 0 0 0 0 0 0 0 0
158 1 0 0 1 0 0 0 0 0
fl=/build/buildd/eglibc-2.19/string/../sysdeps/x86_64/rtld-memset.S
fn=memset
30 16 2 1 0 0 0 0 0 0
31 16 0 0 0 0 0 0 0 0
32 16 0 0 0 0 0 0 0 0
33 3164 0 0 0 0 0 3148 51 51
34 16 0 0 0 0 0 0 0 0
35 16 0 0 16 0 0 0 0 0
fl=/build/buildd/eglibc-2.19/string/../sysdeps/x86_64/strchr.S
fn=strchrnul
24 500 1 1 0 0 0 0 0 0
25 500 0 0 0 0 0 0 0 0
26 500 0 0 0 0 0 0 0 0
27 500 0 0 0 0 0 0 0 0
28 500 0 0 0 0 0 0 0 0
29 500 0 0 0 0 0 0 0 0
30 500 0 0 0 0 0 0 0 0
31 500 0 0 0 0 0 0 0 0
32 500 0 0 500 2 2 0 0 0
33 500 0 0 0 0 0 0 0 0
34 500 0 0 0 0 0 0 0 0
35 500 0 0 0 0 0 0 0 0
36 500 0 0 0 0 0 0 0 0
37 500 0 0 0 0 0 0 0 0
38 500 0 0 0 0 0 0 0 0
39 500 1 1 0 0 0 0 0 0
40 500 0 0 0 0 0 0 0 0
41 500 0 0 0 0 0 0 0 0
43 500 0 0 0 0 0 0 0 0
50 500 0 0 500 0 0 0 0 0
fl=/build/buildd/eglibc-2.19/string/../sysdeps/x86_64/strlen.S
fn=strlen
66 115 1 1 0 0 0 0 0 0
67 115 0 0 0 0 0 0 0 0
68 115 0 0 0 0 0 0 0 0
69 115 0 0 0 0 0 0 0 0
70 115 0 0 0 0 0 0 0 0
71 115 0 0 0 0 0 0 0 0
72 115 0 0 0 0 0 0 0 0
74 115 0 0 0 0 0 0 0 0
76 115 0 0 0 0 0 0 0 0
106 115 0 0 115 3 3 0 0 0
107 115 0 0 0 0 0 0 0 0
108 115 0 0 0 0 0 0 0 0
109 115 0 0 0 0 0 0 0 0
110 115 0 0 0 0 0 0 0 0
111 103 0 0 0 0 0 0 0 0
112 103 1 1 103 0 0 0 0 0
116 12 0 0 0 0 0 0 0 0
117 12 0 0 12 0 0 0 0 0
118 12 0 0 12 0 0 0 0 0
119 12 0 0 12 1 1 0 0 0
120 12 0 0 0 0 0 0 0 0
121 12 0 0 0 0 0 0 0 0
122 12 0 0 0 0 0 0 0 0
123 12 0 0 0 0 0 0 0 0
124 12 0 0 0 0 0 0 0 0
125 12 0 0 0 0 0 0 0 0
126 12 0 0 0 0 0 0 0 0
127 12 0 0 0 0 0 0 0 0
132 96 1 1 12 0 0 0 0 0
fl=/build/buildd/eglibc-2.19/string/../sysdeps/x86_64/strrchr.S
fn=rindex
24 1 1 1 0 0 0 0 0 0
25 1 0 0 0 0 0 0 0 0
26 1 0 0 0 0 0 0 0 0
27 1 0 0 0 0 0 0 0 0
28 1 0 0 0 0 0 0 0 0
29 1 0 0 0 0 0 0 0 0
30 1 0 0 0 0 0 0 0 0
31 1 0 0 0 0 0 0 0 0
32 1 0 0 1 1 1 0 0 0
33 1 0 0 0 0 0 0 0 0
34 1 0 0 0 0 0 0 0 0
35 1 0 0 0 0 0 0 0 0
36 1 0 0 0 0 0 0 0 0
37 1 0 0 0 0 0 0 0 0
38 1 1 1 0 0 0 0 0 0
39 1 0 0 0 0 0 0 0 0
40 1 0 0 0 0 0 0 0 0
51 1 0 0 1 0 0 0 0 0
52 1 0 0 0 0 0 0 0 0
53 1 0 0 1 0 0 0 0 0
54 1 0 0 0 0 0 0 0 0
55 1 0 0 0 0 0 0 0 0
56 1 0 0 1 1 0 0 0 0
57 1 0 0 0 0 0 0 0 0
58 1 1 1 0 0 0 0 0 0
59 1 0 0 0 0 0 0 0 0
60 1 0 0 0 0 0 0 0 0
61 1 0 0 0 0 0 0 0 0
62 1 0 0 0 0 0 0 0 0
63 1 0 0 0 0 0 0 0 0
64 1 0 0 0 0 0 0 0 0
65 1 0 0 0 0 0 0 0 0
66 1 0 0 0 0 0 0 0 0
67 1 0 0 0 0 0 0 0 0
68 1 0 0 0 0 0 0 0 0
69 1 0 0 0 0 0 0 0 0
70 1 0 0 0 0 0 0 0 0
71 1 0 0 0 0 0 0 0 0
72 1 0 0 0 0 0 0 0 0
73 1 0 0 0 0 0 0 0 0
74 1 1 1 0 0 0 0 0 0
75 1 0 0 0 0 0 0 0 0
76 1 0 0 0 0 0 0 0 0
77 1 0 0 0 0 0 0 0 0
78 1 0 0 0 0 0 0 0 0
79 1 0 0 0 0 0 0 0 0
80 1 0 0 0 0 0 0 0 0
91 1 0 0 0 0 0 0 0 0
92 1 0 0 0 0 0 0 0 0
93 1 0 0 0 0 0 0 0 0
95 1 0 0 0 0 0 0 0 0
96 1 1 1 0 0 0 0 0 0
97 1 0 0 0 0 0 0 0 0
98 1 0 0 0 0 0 0 0 0
107 1 0 0 1 0 0 0 0 0
108 1 0 0 0 0 0 0 0 0
109 1 0 0 1 0 0 0 0 0
110 1 0 0 0 0 0 0 0 0
111 1 0 0 1 0 0 0 0 0
112 1 0 0 0 0 0 0 0 0
113 1 0 0 1 0 0 0 0 0
114 1 1 1 0 0 0 0 0 0
115 1 0 0 0 0 0 0 0 0
116 1 0 0 0 0 0 0 0 0
117 1 0 0 0 0 0 0 0 0
118 1 0 0 0 0 0 0 0 0
119 1 0 0 0 0 0 0 0 0
120 1 0 0 0 0 0 0 0 0
121 1 0 0 0 0 0 0 0 0
122 1 0 0 0 0 0 0 0 0
123 1 0 0 0 0 0 0 0 0
124 1 0 0 0 0 0 0 0 0
125 1 0 0 0 0 0 0 0 0
126 1 0 0 0 0 0 0 0 0
127 1 0 0 0 0 0 0 0 0
128 1 0 0 0 0 0 0 0 0
129 1 0 0 0 0 0 0 0 0
130 1 1 1 0 0 0 0 0 0
131 1 0 0 0 0 0 0 0 0
132 1 0 0 0 0 0 0 0 0
133 1 0 0 0 0 0 0 0 0
134 1 0 0 0 0 0 0 0 0
135 1 0 0 0 0 0 0 0 0
136 1 0 0 0 0 0 0 0 0
137 1 0 0 0 0 0 0 0 0
138 1 0 0 0 0 0 0 0 0
139 1 0 0 0 0 0 0 0 0
140 1 0 0 0 0 0 0 0 0
141 1 0 0 0 0 0 0 0 0
142 1 0 0 0 0 0 0 0 0
143 1 0 0 0 0 0 0 0 0
144 1 0 0 0 0 0 0 0 0
145 1 0 0 0 0 0 0 0 0
146 1 1 1 0 0 0 0 0 0
147 1 0 0 0 0 0 0 0 0
148 1 0 0 0 0 0 0 0 0
149 1 0 0 0 0 0 0 0 0
150 1 0 0 0 0 0 0 0 0
151 1 0 0 0 0 0 0 0 0
152 1 0 0 0 0 0 0 0 0
153 1 0 0 0 0 0 0 0 0
154 1 0 0 0 0 0 0 0 0
155 1 0 0 0 0 0 0 0 0
156 1 0 0 0 0 0 0 0 0
157 1 0 0 0 0 0 0 0 0
158 1 0 0 0 0 0 0 0 0
159 1 0 0 1 0 0 0 0 0
fl=/build/buildd/eglibc-2.19/time/../sysdeps/generic/dl-hash.h
fn=gettimeofday
43 1 0 0 0 0 0 0 0 0
44 1 1 1 0 0 0 0 0 0
45 13 1 1 4 0 0 0 0 0
48 12 0 0 0 0 0 0 0 0
49 8 0 0 0 0 0 0 0 0
62 8 0 0 0 0 0 0 0 0
67 1 0 0 0 0 0 0 0 0
fn=time
43 1 0 0 0 0 0 0 0 0
44 1 0 0 0 0 0 0 0 0
45 13 0 0 4 1 1 0 0 0
48 12 0 0 0 0 0 0 0 0
49 8 1 1 0 0 0 0 0 0
62 8 0 0 0 0 0 0 0 0
67 1 0 0 0 0 0 0 0 0
fl=/build/buildd/eglibc-2.19/time/../sysdeps/unix/sysv/linux/x86_64/gettimeofday.c
fn=gettimeofday
30 1 0 0 0 0 0 0 0 0
31 7 0 0 0 0 0 4 0 0
34 3 0 0 0 0 0 1 0 0
35 3 0 0 0 0 0 0 0 0
36 3 0 0 1 0 0 0 0 0
fl=/build/buildd/eglibc-2.19/time/../sysdeps/unix/sysv/linux/x86_64/time.c
fn=time
36 1 0 0 0 0 0 0 0 0
37 7 1 1 0 0 0 4 0 0
40 6 1 1 0 0 0 1 0 0
41 3 0 0 1 0 0 0 0 0
fl=/home/kotomysha/binson/binson-c/examples/writer_standalone.c
fn=main
52 3 1 1 0 0 0 1 0 0
58 4 0 0 0 0 0 2 0 0
59 6 1 1 2 1 0 2 0 0
61 4 0 0 0 0 0 2 0 0
62 7 1 1 2 0 0 2 0 0
65 16 0 0 9 0 0 1 0 0
67 20 0 0 8 0 0 4 0 0
68 12 0 0 4 0 0 4 0 0
69 8 0 0 0 0 0 4 0 0
72 3 0 0 1 0 0 1 0 0
73 3 0 0 1 0 0 1 0 0
75 1 0 0 0 0 0 0 0 0
76 2 0 0 2 0 0 0 0 0
fn=sample_dump
14 28 2 1 4 0 0 12 0 0
15 24 0 0 0 0 0 24 0 0
17 16 0 0 4 0 0 4 0 0
19 16 2 1 4 0 0 4 0 0
20 20 0 0 4 0 0 4 0 0
21 16 0 0 4 0 0 4 0 0
22 28 3 1 8 0 0 8 0 0
23 12 0 0 4 0 0 4 0 0
24 12 0 0 4 0 0 4 0 0
26 20 0 0 4 0 0 4 0 0
27 20 2 1 4 0 0 4 0 0
29 20 0 0 4 0 0 4 0 0
30 20 0 0 4 0 0 4 0 0
31 20 3 1 4 0 0 4 0 0
32 20 0 0 4 0 0 4 0 0
33 20 4 1 4 0 0 4 0 0
34 20 0 0 4 0 0 4 0 0
35 20 0 0 4 0 0 4 0 0
36 20 1 1 4 0 0 4 0 0
38 28 0 0 8 0 0 8 0 0
39 28 1 1 8 0 0 8 0 0
40 28 1 1 8 0 0 8 0 0
41 28 0 0 8 0 0 8 0 0
43 20 0 0 4 0 0 4 0 0
44 20 1 1 4 0 0 4 0 0
45 20 0 0 4 0 0 4 0 0
47 24 0 0 4 0 0 4 0 0
48 12 0 0 4 0 0 4 0 0
49 20 0 0 16 0 0 0 0 0
fl=/home/kotomysha/binson/binson-c/src/binson_io.c
fn=binson_io_attach_stream
164 5 1 1 0 0 0 3 0 0
165 4 0 0 2 0 0 0 0 0
168 2 1 1 1 0 0 1 0 0
170 3 0 0 2 0 0 1 0 0
171 7 0 0 3 0 0 1 0 0
172 4 0 0 2 1 0 2 0 0
174 1 1 1 0 0 0 0 0 0
175 2 0 0 2 0 0 0 0 0
fn=binson_io_free
122 4 1 1 0 0 0 2 0 0
123 2 0 0 1 0 0 0 0 0
124 3 0 0 1 0 0 1 0 0
126 1 1 1 0 0 0 0 0 0
127 2 0 0 2 0 0 0 0 0
fn=binson_io_new
94 4 1 1 0 0 0 2 0 0
95 5 1 1 1 0 0 2 1 0
96 1 0 0 0 0 0 0 0 0
97 2 0 0 2 0 0 0 0 0
fn=binson_io_printf
392 2830 3 3 0 0 0 1830 0 0
395 1500 0 0 0 0 0 1000 0 0
396 1750 1 1 500 0 0 500 0 0
399 250 0 0 250 0 0 0 0 0
400 500 0 0 500 0 0 0 0 0
fn=binson_io_vprintf
354 1500 0 0 0 0 0 1000 0 0
355 250 0 0 0 0 0 250 0 0
357 500 0 0 250 0 0 0 0 0
360 1500 1 1 500 0 0 0 0 0
363 2000 0 0 1000 0 0 500 0 0
364 250 0 0 0 0 0 0 0 0
381 1000 0 0 250 0 0 0 0 0
382 500 0 0 500 0 0 0 0 0
fn=binson_io_write
286 1716 1 1 0 0 0 1144 0 0
287 286 0 0 0 0 0 286 0 0
290 1144 0 0 572 0 0 0 0 0
293 572 1 1 286 0 0 0 0 0
296 2288 0 0 572 0 0 0 0 0
299 2288 1 1 1144 0 0 572 0 0
300 1716 0 0 572 0 0 286 0 0
301 286 0 0 0 0 0 0 0 0
319 286 1 1 286 0 0 0 0 0
320 572 0 0 572 0 0 0 0 0
fn=binson_io_write_byte
341 1080 1 1 0 0 0 540 0 0
342 1080 1 1 180 0 0 180 0 0
343 360 0 0 360 0 0 0 0 0
fn=binson_io_write_str
330 462 0 0 0 0 0 308 0 0
331 1078 0 0 308 0 0 154 0 0
332 154 0 0 154 0 0 0 0 0
fl=/home/kotomysha/binson/binson-c/src/binson_utf8.c
fn=is_utf8
167 84 1 1 0 0 0 56 0 0
168 56 0 0 28 0 0 28 0 0
170 56 1 1 28 0 0 0 0 0
173 908 1 1 440 0 0 0 0 0
175 392 0 0 0 0 0 0 0 0
177 784 0 0 392 0 0 0 0 0
178 784 0 0 392 0 0 0 0 0
179 784 0 0 392 0 0 0 0 0
180 1176 3 1 784 0 0 0 0 0
183 152 0 0 152 0 0 0 0 0
184 152 0 0 0 0 0 0 0 0
187 88 0 0 0 0 0 0 0 0
188 320 0 0 176 0 0 0 0 0
189 224 0 0 112 0 0 0 0 0
192 28 0 0 28 0 0 0 0 0
193 28 0 0 0 0 0 0 0 0
196 32 0 0 0 0 0 0 0 0
197 32 1 1 32 0 0 0 0 0
200 32 0 0 0 0 0 0 0 0
202 104 1 1 64 0 0 0 0 0
203 16 0 0 8 0 0 0 0 0
204 32 0 0 8 0 0 0 0 0
205 120 1 1 48 0 0 0 0 0
206 96 1 1 48 0 0 0 0 0
207 8 0 0 0 0 0 0 0 0
209 8 0 0 8 0 0 0 0 0
214 12 1 1 12 0 0 0 0 0
215 12 0 0 0 0 0 0 0 0
218 8 0 0 0 0 0 0 0 0
219 8 0 0 8 0 0 0 0 0
223 8 0 0 0 0 0 0 0 0
225 24 1 1 16 0 0 0 0 0
229 8 0 0 0 0 0 0 0 0
231 8 1 1 8 0 0 0 0 0
241 8 0 0 0 0 0 0 0 0
244 24 0 0 0 0 0 0 0 0
245 56 0 0 56 0 0 0 0 0
fn=u8_unescape
139 40 1 1 4 0 0 24 0 0
140 4 0 0 0 0 0 4 0 0
144 76 2 2 40 0 0 0 0 0
145 32 0 0 16 0 0 0 0 0
150 32 0 0 16 0 0 8 0 0
151 8 1 1 0 0 0 8 0 0
153 16 0 0 16 0 0 0 0 0
154 48 0 0 8 0 0 16 0 0
155 48 0 0 24 0 0 0 0 0
157 64 0 0 24 0 0 8 0 0
158 16 0 0 16 0 0 0 0 0
160 12 0 0 8 0 0 0 0 0
161 16 0 0 8 0 0 4 0 0
162 4 0 0 4 0 0 0 0 0
163 28 0 0 20 0 0 0 0 0
fn=u8_wc_toutf8
45 32 3 1 0 0 0 24 0 0
46 16 0 0 8 0 0 0 0 0
50 16 3 1 8 0 0 0 0 0
51 48 0 0 16 0 0 8 0 0
52 48 0 0 16 0 0 8 0 0
53 16 0 0 0 0 0 0 0 0
69 16 1 1 16 0 0 0 0 0
fl=/home/kotomysha/binson/binson-c/src/binson_util.c
fn=binson_util_pack_double
99 100 0 0 0 0 0 60 0 0
105 40 0 0 20 0 0 20 0 0
107 120 0 0 40 0 0 20 0 0
108 20 0 0 0 0 0 0 0 0
109 40 0 0 40 0 0 0 0 0
fn=binson_util_pack_integer
73 756 1 1 84 0 0 420 0 0
75 756 1 1 0 0 0 756 0 0
77 84 0 0 0 0 0 84 0 0
78 336 0 0 84 0 0 84 0 0
80 2352 1 1 1428 0 0 84 0 0
82 3360 1 1 2016 0 0 672 0 0
83 8952 0 0 3052 0 0 672 0 0
84 672 0 0 672 0 0 0 0 0
87 252 0 0 84 0 0 84 0 0
89 632 0 0 252 0 0 0 0 0
90 420 1 1 336 0 0 0 0 0
fl=/home/kotomysha/binson/binson-c/src/binson_writer.c
fn=binson_writer_free
226 4 0 0 0 0 0 2 0 0
228 2 1 0 1 0 0 0 0 0
231 2 0 0 1 0 0 0 0 0
232 3 0 0 1 0 0 1 0 0
234 1 0 0 0 0 0 0 0 0
235 2 0 0 2 0 0 0 0 0
fn=binson_writer_init
279 5 1 1 0 0 0 4 0 0
281 6 0 0 3 0 0 0 0 0
284 3 0 0 2 0 0 1 0 0
285 3 1 1 2 0 0 1 0 0
288 2 0 0 1 0 0 1 0 0
289 2 0 0 1 0 0 1 0 0
290 2 0 0 1 0 0 1 0 0
293 1 0 0 0 0 0 0 0 0
294 2 0 0 2 0 0 0 0 0
fn=binson_writer_new
210 4 2 2 0 0 0 2 0 0
212 2 0 0 1 0 0 0 0 0
215 5 0 0 1 0 0 2 0 0
217 1 0 0 0 0 0 0 0 0
218 2 0 0 2 0 0 0 0 0
fn=binson_writer_set_format
244 16 2 1 0 0 0 12 0 0
246 16 0 0 8 0 0 0 0 0
249 12 1 1 8 0 0 4 0 0
251 4 0 0 0 0 0 0 0 0
252 8 0 0 8 0 0 0 0 0
fn=binson_writer_write_array_begin
324 20 3 2 0 0 0 12 0 0
325 24 0 0 8 0 0 4 0 0
326 8 0 0 8 0 0 0 0 0
fn=binson_writer_write_array_end
334 16 2 0 0 0 0 8 0 0
335 20 2 0 4 0 0 4 0 0
336 8 0 0 8 0 0 0 0 0
fn=binson_writer_write_boolean
346 48 1 1 0 0 0 32 0 0
347 8 0 0 0 0 0 8 0 0
350 16 0 0 8 0 0 0 0 0
354 56 1 1 16 0 0 16 0 0
355 40 0 0 8 0 0 0 0 0
358 72 1 1 40 0 0 8 0 0
361 56 0 0 16 0 0 0 0 0
364 19 1 1 6 0 0 4 0 0
365 2 0 0 0 0 0 0 0 0
368 23 1 1 6 0 0 4 0 0
369 2 0 0 0 0 0 0 0 0
374 46 1 1 12 0 0 8 0 0
375 20 0 0 4 0 0 0 0 0
376 4 0 0 0 0 0 0 0 0
383 8 1 1 8 0 0 0 0 0
384 16 0 0 16 0 0 0 0 0
fn=binson_writer_write_bytes
657 28 1 1 0 0 0 20 0 0
658 4 0 0 0 0 0 4 0 0
661 28 0 0 8 0 0 8 0 0
662 20 1 1 4 0 0 0 0 0
664 28 1 1 12 0 0 8 0 0
665 20 0 0 4 0 0 0 0 0
667 4 1 1 4 0 0 0 0 0
668 8 0 0 8 0 0 0 0 0
fn=binson_writer_write_double
462 200 1 1 20 0 0 120 0 0
463 20 1 1 0 0 0 20 0 0
468 40 0 0 20 0 0 0 0 0
472 140 0 0 40 0 0 40 0 0
473 100 1 1 20 0 0 0 0 0
476 180 1 1 100 0 0 20 0 0
479 140 0 0 40 0 0 40 0 0
480 20 0 0 0 0 0 20 0 0
483 140 1 1 40 0 0 0 0 0
486 40 0 0 10 0 0 10 0 0
487 5 0 0 0 0 0 0 0 0
490 155 1 1 95 0 0 5 0 0
491 540 0 0 180 0 0 90 0 0
492 35 1 1 10 0 0 10 0 0
493 5 0 0 0 0 0 0 0 0
498 100 1 1 40 0 0 30 0 0
499 50 0 0 10 0 0 0 0 0
500 10 0 0 0 0 0 0 0 0
507 20 0 0 20 0 0 0 0 0
508 140 0 0 100 0 0 0 0 0
fn=binson_writer_write_integer
395 320 1 1 32 0 0 192 0 0
396 288 0 0 0 0 0 288 0 0
405 32 0 0 0 0 0 32 0 0
411 64 0 0 32 0 0 0 0 0
415 224 1 1 64 0 0 64 0 0
416 160 1 1 32 0 0 0 0 0
419 288 0 0 160 0 0 32 0 0
423 256 1 1 32 0 0 64 0 0
424 128 0 0 64 0 0 32 0 0
427 224 0 0 64 0 0 0 0 0
430 80 1 1 24 0 0 16 0 0
431 8 0 0 0 0 0 0 0 0
434 298 1 1 166 0 0 8 0 0
435 550 0 0 200 0 0 100 0 0
436 56 1 1 16 0 0 16 0 0
437 8 0 0 0 0 0 0 0 0
442 128 0 0 48 0 0 32 0 0
443 80 0 0 16 0 0 0 0 0
444 16 0 0 0 0 0 0 0 0
451 32 1 1 32 0 0 0 0 0
452 224 0 0 160 0 0 0 0 0
fn=binson_writer_write_object_begin
303 40 0 0 0 0 0 24 0 0
304 48 0 0 16 0 0 8 0 0
305 16 0 0 16 0 0 0 0 0
fn=binson_writer_write_object_end
313 32 0 0 0 0 0 16 0 0
314 40 0 0 8 0 0 8 0 0
315 16 0 0 16 0 0 0 0 0
fn=binson_writer_write_str
635 96 1 1 0 0 0 64 0 0
636 16 0 0 0 0 0 16 0 0
639 112 1 1 32 0 0 32 0 0
640 80 1 1 16 0 0 0 0 0
642 160 0 0 48 0 0 48 0 0
643 80 1 1 16 0 0 0 0 0
645 16 0 0 16 0 0 0 0 0
646 32 0 0 32 0 0 0 0 0
fn=write_bytes
519 384 2 2 32 0 0 224 0 0
520 160 0 0 0 0 0 160 0 0
526 160 1 1 0 0 0 160 0 0
532 32 0 0 0 0 0 32 0 0
535 32 0 0 0 0 0 32 0 0
537 64 0 0 32 0 0 32 0 0
538 64 0 0 32 0 0 32 0 0
541 64 0 0 32 0 0 0 0 0
545 288 1 1 160 0 0 32 0 0
549 204 1 1 60 0 0 28 0 0
551 4 0 0 0 0 0 4 0 0
552 24 0 0 4 0 0 8 0 0
554 36 0 0 12 0 0 8 0 0
559 256 1 1 32 0 0 64 0 0
560 252 1 1 96 0 0 32 0 0
563 224 0 0 64 0 0 0 0 0
566 72 1 1 24 0 0 16 0 0
567 64 0 0 32 0 0 16 0 0
568 8 1 1 0 0 0 0 0 0
571 128 1 1 64 0 0 8 0 0
573 192 0 0 64 0 0 32 0 0
574 80 0 0 16 0 0 0 0 0
577 324 1 1 229 0 0 8 0 0
579 852 1 1 355 0 0 142 0 0
580 355 0 0 71 0 0 0 0 0
582 56 0 0 16 0 0 16 0 0
583 8 0 0 0 0 0 0 0 0
588 32 0 0 16 0 0 0 0 0
590 112 1 1 42 0 0 28 0 0
591 70 1 1 14 0 0 0 0 0
595 12 0 0 4 0 0 4 0 0
596 10 1 1 2 0 0 0 0 0
598 32 3 3 16 0 0 2 0 0
600 48 0 0 16 0 0 8 0 0
601 20 0 0 4 0 0 0 0 0
604 58 1 1 40 0 0 2 0 0
606 144 1 1 60 0 0 24 0 0
607 60 0 0 12 0 0 0 0 0
610 12 0 0 4 0 0 4 0 0
611 10 0 0 2 0 0 0 0 0
613 16 0 0 0 0 0 0 0 0
621 64 1 1 32 0 0 0 0 0
622 12 0 0 4 0 0 4 0 0
624 32 0 0 32 0 0 0 0 0
625 224 0 0 160 0 0 0 0 0
fn=write_frame_sig
142 168 1 1 0 0 0 96 0 0
143 24 1 1 0 0 0 24 0 0
146 48 0 0 24 0 0 0 0 0
150 80 0 0 40 0 0 0 0 0
152 60 0 0 36 0 0 12 0 0
153 108 0 0 60 0 0 12 0 0
158 260 2 2 88 0 0 48 0 0
159 120 0 0 24 0 0 0 0 0
163 80 1 1 40 0 0 0 0 0
165 72 0 0 48 0 0 12 0 0
166 60 0 0 36 0 0 12 0 0
167 72 1 1 36 0 0 12 0 0
170 32 0 0 16 0 0 0 0 0
176 168 1 1 48 0 0 0 0 0
179 42 0 0 18 0 0 12 0 0
180 6 0 0 0 0 0 0 0 0
183 48 1 1 18 0 0 12 0 0
184 6 0 0 0 0 0 0 0 0
189 156 1 1 50 0 0 24 0 0
191 60 0 0 12 0 0 0 0 0
192 12 0 0 0 0 0 0 0 0
199 24 0 0 24 0 0 0 0 0
200 48 0 0 48 0 0 0 0 0
fn=write_key
94 624 1 1 0 0 0 416 0 0
95 104 0 0 0 0 0 104 0 0
101 728 1 1 364 0 0 0 0 0
103 596 0 0 320 0 0 0 0 0
104 228 0 0 76 0 0 38 0 0
106 208 1 1 104 0 0 0 0 0
110 130 0 0 52 0 0 26 0 0
111 878 0 0 542 0 0 26 0 0
112 580 0 0 232 0 0 116 0 0
114 130 0 0 52 0 0 26 0 0
116 260 1 1 52 0 0 0 0 0
120 256 2 2 128 1 0 0 0 0
122 120 0 0 36 0 0 36 0 0
123 60 1 1 12 0 0 0 0 0
126 84 0 0 42 0 0 0 0 0
127 36 0 0 12 0 0 6 0 0
131 104 0 0 104 0 0 0 0 0
132 208 0 0 208 0 0 0 0 0
fl=???
fn=???
0 2527 48 38 2322 19 0 107 1 1
fn=__libc_csu_init
0 34 3 3 8 1 0 8 0 0
fn=_dl_debug_initialize
0 5 1 1 4 0 0 0 0 0
fn=memcpy@GLIBC_2.2.5
0 12 1 1 4 0 0 0 0 0
summary: 485970 1329 1224 133454 2786 2108 67260 648 565
